[0.0956384  0.10224296 0.09922582 0.10413186 0.09614401 0.1
 0.10405591 0.09557559 0.1017886  0.10065286 0.09540173 0.09531928
 0.10453885 0.09749442 0.10630605 0.0889998  0.10031126 0.09635719
 0.10518824 0.10005342 0.09757844 0.09810844 0.10478182 0.10399121
 0.09772115 0.09232751 0.10738873 0.09941227 0.09452081 0.09717479
 0.10411149 0.09226805 0.09513122 0.09864506 0.09524026 0.10586473
 0.09553334 0.09002007 0.11398289 0.09314024 0.10003602 0.09646698
 0.10132765 0.11006971 0.09802952 0.09545491 0.10394922 0.1
 0.09966625 0.10275639 0.10699128 0.09897532 0.10085321 0.09809899
 0.09731998 0.1        0.09273811 0.10145438 0.08911979 0.10557488
 0.11320423 0.1044228  0.1056484  0.10046088 0.1035234  0.09740915
 0.11098956 0.09902964 0.09413176 0.09514233 0.10151808 0.11196534
 0.09526312 0.08798592 0.10500299 0.09469543 0.09777194 0.10168313
 0.0951938  0.09729238 0.09539933 0.09502456 0.10497502 0.10380924
 0.10145472 0.10487395 0.095017   0.09748871 0.10523977 0.1114483
 0.1055332  0.10283847 0.09982181 0.10587386 0.10391123 0.10726918
 0.09650749 0.11302198 0.09801664 0.10320017 0.09888506 0.09567669
 0.10002652 0.10503495 0.10842378 0.10472573 0.09731835 0.09390703
 0.09279471 0.09137569 0.10417198 0.09792189 0.09352092 0.10409819
 0.08969751 0.1        0.0961606  0.10371352 0.09815956 0.10380231
 0.10448024 0.11002941 0.09738934 0.09616873 0.09453471 0.09785325
 0.10221515 0.10731562 0.0963913  0.10215574 0.09443261 0.09781078
 0.09738331 0.10556522 0.09585257 0.09508733 0.1        0.09376487
 0.10094064 0.09781595 0.09666197 0.09812919 0.09108368 0.0935588
 0.09961134 0.10014258 0.09774613 0.10026315 0.11101571 0.10306364
 0.09462644 0.09463342 0.10395678 0.09733097 0.09541709 0.0949024
 0.10051898 0.10326292 0.10030872 0.10512964 0.10554379 0.10412373
 0.09657133 0.09704117 0.10849327 0.10084975 0.08615336 0.11090607
 0.1032434  0.09803126 0.09468757 0.09971511 0.09572902 0.1089706
 0.09114181 0.10162992 0.09707393 0.10591745 0.10015588 0.10338336
 0.09530874 0.10804258 0.09805918 0.09786355 0.09592543 0.10343541
 0.10335662 0.09857428 0.10261235 0.09760228 0.09920004 0.0979407
 0.09349712 0.09751197 0.10179994 0.10040344 0.0949648  0.10451948
 0.10028983 0.09932131 0.10830468 0.11376573 0.10575669 0.09312838
 0.09564165 0.10013667 0.09835387 0.0946237  0.10503995 0.09544019
 0.08776047 0.09776002 0.10040984 0.09486721 0.08551429 0.09354639
 0.09448564 0.09891529 0.10956195 0.10434834 0.10443563 0.09872631
 0.10099385 0.09321368 0.09775548 0.09545356 0.09341904 0.09735063
 0.09755418 0.10036447 0.10203204 0.10780431 0.10689732 0.09860132
 0.0974236  0.08321968 0.0969167  0.09890938 0.09331427 0.10094902
 0.10330031 0.09653972 0.09820683 0.10143652 0.10535043 0.09768839
 0.0976739  0.09853041 0.09426421 0.10093118 0.1        0.09769528
 0.10493375 0.10541257 0.09599512 0.0960525 ]
