-1.94198184e-03 8.12768713e-02 1.77151009e-01 9.72631946e-02 -1.67136118e-01 -3.76768298e-02 1.68403722e-02 -1.95028132e-03 1.65635481e-01 -8.99553597e-02 9.71525759e-02 -1.32760316e-01 2.47604419e-02 6.32203072e-02 -1.39327273e-01 -2.16651723e-01
 1.28725186e-01 6.67533129e-02 -1.46256730e-01 -9.24005806e-02 5.87925538e-02 1.09875044e-02 -8.36494416e-02 -4.50390466e-02 5.60602313e-03 1.51062965e-01 2.57049892e-02 1.02388643e-01 -7.73586184e-02 1.79897532e-01 -3.70166637e-02 2.80711148e-02
 -1.38086611e-02 1.15849145e-01 1.48532003e-01 -1.57959193e-01 5.47101721e-02 7.93729201e-02 -3.19851004e-02 6.82176575e-02 -6.99772164e-02 -1.92566644e-02 -8.41186643e-02 1.28919007e-02 7.08107501e-02 -9.54211503e-02 1.00749306e-01 -1.75765678e-01
 -9.89297628e-02 -3.87239568e-02 -1.05946399e-01 1.98156014e-03 -4.33848947e-02 1.54404774e-01 1.68647736e-01 -4.84547913e-02 2.83522625e-02 -2.18584374e-01 -1.16201090e-02 8.24629664e-02 1.35727257e-01 -1.77093502e-02 -6.44309670e-02 -1.65904582e-01
 1.50299892e-01 -5.76684698e-02 1.34103864e-01 2.02776045e-01 1.05804950e-01 7.70112127e-02 1.94799140e-01 1.99568242e-01 8.06027874e-02 9.57660824e-02 -6.33939356e-02 -1.07278220e-01 -6.83420897e-02 5.34803160e-02 6.80334419e-02 -7.69296288e-02
 9.92420465e-02 9.20024365e-02 -3.27752829e-02 1.22208362e-02 2.79529742e-03 8.70323181e-02 9.43408012e-02 9.40259248e-02 -1.94498569e-01 7.46451169e-02 -3.75852473e-02 2.02185661e-01 8.45788717e-02 1.29254326e-01 7.09643587e-02 4.74813627e-03
 1.06447324e-01 -3.31076756e-02 9.87336636e-02 -9.32669193e-02 -4.61382158e-02 -1.59901962e-01 -1.38154864e-01 1.54845268e-01 -1.47394046e-01 1.41759440e-01 -1.40082285e-01 4.45967652e-02 4.21486497e-02 -2.21395809e-02 -2.98465751e-02 3.72861475e-02
 2.24996194e-01 1.81034386e-01 7.66145363e-02 -1.17712423e-01 -1.27735183e-01 -1.08009011e-01 -1.48416832e-01 7.57068694e-02 -9.80939120e-02 2.66091805e-02 3.85441072e-02 -1.42511249e-01 -5.64693175e-02 8.33416507e-02 3.85397375e-02 3.70506309e-02
 -2.07141235e-01 2.72584166e-02 -1.68108009e-02 9.69646499e-02 -1.38890773e-01 -1.32051334e-01 1.91468615e-02 1.62440345e-01 3.75702232e-02 -1.68336570e-01 1.29363880e-01 -8.46395716e-02 -4.03217562e-02 -7.16344826e-03 -7.59017393e-02 2.10614711e-01
 8.89445320e-02 -5.01147658e-02 4.97121774e-02 3.70458849e-02 8.50659609e-02 -1.52001651e-02 1.83190163e-02 -3.13444249e-03 1.32256761e-01 1.07557438e-02 -2.13668197e-01 7.49199465e-02 5.17956503e-02 8.54988582e-03 -6.83695301e-02 -4.56159934e-02
 3.98067310e-02 -7.73774600e-03 1.90709382e-01 -1.22811303e-01 1.20775014e-01 1.78143114e-01 -7.93603361e-02 -2.43883301e-03 -2.11624987e-02 1.80515915e-01 -6.47277534e-02 1.10168390e-01 -4.56331000e-02 -1.97552964e-01 -3.51165086e-02 -9.46792513e-02
 4.22326848e-02 -1.72667541e-02 -5.50480634e-02 -4.01612408e-02 -1.11751817e-01 -1.82913225e-02 4.62801307e-02 1.39446538e-02 -4.03453317e-03 1.11540504e-01 4.59878221e-02 -3.23410369e-02 -2.40084641e-02 -1.58901677e-01 -1.22117415e-01 1.27745762e-01
 1.10411085e-01 9.66493338e-02 2.76163518e-01 -3.03989835e-02 6.57630414e-02 -1.08607784e-01 -2.49130968e-02 1.98493913e-01 -1.60038918e-01 -1.39682412e-01 1.14861660e-01 -1.42051369e-01 1.28224730e-01 2.67252475e-02 2.12148085e-01 -7.39576593e-02
 1.99766770e-01 1.63869694e-01 -9.00205225e-02 -9.33553427e-02 -2.71489434e-02 9.58484411e-02 1.30772069e-01 1.04340062e-01 1.53487951e-01 -6.80095106e-02 2.09968314e-02 -9.97041017e-02 1.41668200e-01 -5.02496511e-02 4.88846228e-02 2.57823672e-02
 1.08617701e-01 1.00149311e-01 6.15822636e-02 7.13654160e-02 1.30924033e-02 5.37991673e-02 1.03894725e-01 1.56240597e-01 -8.91102552e-02 -5.50951585e-02 -1.33148029e-01 2.77542789e-02 7.25442031e-03 1.59041941e-01 3.36321332e-02 -2.37842184e-02
 9.70920771e-02 1.33991688e-01 3.88561301e-02 -2.75968350e-02 -7.35877678e-02 1.21178605e-01 -2.99625453e-02 1.34086415e-01 9.69986767e-02 -1.94344759e-01 -5.58665581e-02 -1.88075438e-01 1.83365226e-01 -4.78979433e-03 -1.74123850e-02 -1.19261630e-02
 -1.04372568e-01 -1.93684548e-01 1.78516179e-01 1.57816812e-01 -8.40613693e-02 -6.50684312e-02 -7.73692206e-02 7.20222220e-02 2.89001339e-03 -8.68043900e-02 1.65547058e-03 -1.32620737e-01 -7.40041584e-02 -2.57072281e-02 -1.12769425e-01 7.67507032e-03
 3.38625349e-02 2.31196046e-01 5.60587756e-02 -2.00385705e-01 3.10255364e-02 5.02435602e-02 1.23778246e-01 -2.34847665e-02 -1.33968703e-02 -1.49902301e-02 -6.67759776e-02 -8.98532048e-02 -1.48273371e-02 2.91290563e-02 -3.42917144e-02 -2.49597922e-01
 1.36152580e-01 -5.49498759e-02 -8.27206448e-02 -3.51875909e-02 5.04643396e-02 4.83731292e-02 -2.92899143e-02 -1.88816994e-01 7.12432638e-02 8.49683732e-02 -1.03956275e-01 6.43530786e-02 5.27343526e-02 -1.19560912e-01 1.17705747e-01 -6.42592311e-02
 6.51634708e-02 -1.14079997e-01 -1.39093503e-01 4.21341276e-03 -3.63803133e-02 7.77559057e-02 -7.97749534e-02 3.59597541e-02 -1.34831190e-01 -7.37288520e-02 -2.81505082e-02 1.49149552e-01 1.02810979e-01 -1.95537582e-01 -1.83811020e-02 1.27448335e-01
 -5.64312004e-03 4.92103724e-03 -3.58102545e-02 6.72991797e-02 -1.18052609e-01 2.80646272e-02 6.07537590e-02 5.68006858e-02 1.41100958e-01 -7.26592839e-02 -1.58132970e-01 -3.22146378e-02 8.81946236e-02 1.29821599e-01 8.69461074e-02 -8.14780965e-02
 9.26481932e-02 -3.72143574e-02 -9.48192552e-02 3.86859514e-02 -3.63319479e-02 1.87468052e-01 1.22773506e-01 -2.08145287e-02 1.66152358e-01 -1.82438288e-02 -2.64676630e-01 1.12024449e-01 6.18179888e-02 1.78164706e-01 8.00116360e-02 -1.45589143e-01
 6.35987031e-04 1.95641741e-01 3.75319123e-02 2.67799757e-02 1.31505281e-01 -2.70400830e-02 2.65826005e-03 1.28859267e-01 2.01564163e-01 -1.81446061e-01 3.06091830e-02 -6.95178583e-02 -3.35820764e-02 -3.05854846e-02 3.30968611e-02 -2.76063476e-02
 -1.08506233e-01 7.05913901e-02 9.68080610e-02 4.53527234e-02 -5.01027256e-02 -7.44098052e-02 -5.87588809e-02 7.13101551e-02 -1.15270495e-01 3.72138992e-02 3.92400138e-02 6.37417808e-02 -8.68602917e-02 1.38258487e-01 -1.55149639e-01 4.40330952e-02
 1.01376005e-01 -5.75483665e-02 2.97817830e-02 -7.19973817e-02 3.04515511e-02 -1.27783120e-02 -6.11259639e-02 1.22904859e-01 8.33989009e-02 -8.57010707e-02 1.39854133e-01 3.64433555e-03 1.05690457e-01 3.25064175e-02 -8.68377984e-02 -1.15116891e-02
 -1.62303671e-01 -1.10337026e-01 -1.29412293e-01 1.25714809e-01 1.94253519e-01 -1.50953317e-02 6.95956871e-02 -1.21483691e-02 -9.96002555e-02 1.08221658e-01 -9.69067216e-02 8.87983888e-02 8.49809870e-03 -5.81149049e-02 1.62833813e-03 9.16239470e-02
 -9.34624821e-02 -3.32156233e-02 6.56235591e-02 3.97046395e-02 -7.93771595e-02 -1.71764567e-01 6.62747473e-02 8.55042040e-02 5.41340522e-02 -1.36199489e-01 6.48315400e-02 1.61010280e-01 3.85224000e-02 8.71478617e-02 -4.54734713e-02 5.70328906e-02
 2.95192609e-03 1.25612736e-01 1.27726898e-01 1.18900210e-01 -7.49497414e-02 -3.61701399e-02 8.52682348e-03 1.52766928e-01 -1.30847380e-01 -3.65657452e-03 1.19445242e-01 -8.65343437e-02 2.04720031e-02 -1.60576850e-02 2.47590933e-02 -6.29865974e-02
 1.90377012e-02 8.55621137e-03 -8.11157003e-02 1.55764416e-01 5.53500839e-02 9.45701376e-02 -5.10906875e-02 -8.62393975e-02 -7.00816289e-02 1.45001501e-01 -9.14411992e-02 4.39320505e-02 -5.33756204e-02 1.54246762e-01 -4.94745784e-02 1.77962720e-01
 1.02857113e-01 -4.24933359e-02 -2.12976828e-01 -1.59521457e-02 2.17116386e-01 6.21974319e-02 -1.34191856e-01 -1.59607679e-01 -2.05202639e-01 9.54328999e-02 3.91140440e-03 4.05126661e-02 1.27256230e-01 -2.97358483e-02 -7.28078857e-02 -2.86963303e-02
 2.86480295e-04 -1.43088028e-01 -1.91335268e-02 9.59444195e-02 1.24305218e-01 1.04822867e-01 -1.12059005e-01 9.73584652e-02 -1.69537082e-01 3.16806324e-02 4.60382272e-03 2.48703271e-01 -4.27824929e-02 1.96461603e-01 8.73904601e-02 1.30494192e-01
 4.25244644e-02 1.48859873e-01 8.17596689e-02 1.79597288e-01 1.08284518e-01 3.44920605e-02 -9.88329202e-02 1.33329079e-01 8.76262709e-02 1.25959247e-01 5.98933287e-02 -4.77155190e-05 4.00605053e-02 3.18205953e-02 1.98518950e-02 2.20565684e-03
 -1.65236399e-01 -9.17739817e-04 7.05411434e-02 -1.62698135e-01 -1.40346035e-01 -8.69358629e-02 5.42981327e-02 1.46798819e-01 -2.00328022e-01 -1.54459089e-01 1.02759615e-01 -6.00813888e-02 3.51346619e-02 -1.02659814e-01 -1.14500321e-01 7.71736503e-02
 3.98628749e-02 1.15063615e-01 1.29275247e-01 1.64723322e-02 -4.40341756e-02 -1.12315439e-01 -8.04814845e-02 -1.27865002e-01 7.37831667e-02 6.62362501e-02 1.31513113e-02 1.16691291e-01 -6.67130426e-02 1.68233126e-01 5.75741939e-02 -1.31200612e-01
 -1.55966446e-01 1.07900361e-02 5.59417903e-02 1.29298225e-01 3.72596420e-02 2.97752507e-02 -1.04283467e-01 1.50228530e-01 -4.73387949e-02 -1.27920583e-01 7.39678070e-02 4.38350439e-03 -7.33332708e-02 -8.98133293e-02 -1.80145949e-01 3.67629267e-02
 -1.28663536e-02 -3.17248031e-02 1.21692486e-01 -6.28854036e-02 -4.03792672e-02 -8.52776170e-02 -2.41575409e-02 1.29944235e-01 -1.02441080e-01 4.57928376e-03 5.78328520e-02 -2.75795311e-02 -6.34023324e-02 -1.08097449e-01 -7.82563016e-02 1.17003515e-01
 2.23730609e-01 -1.74406826e-01 -1.43246995e-02 1.05848603e-01 1.63483664e-01 -5.56899561e-03 7.90325627e-02 -2.85104252e-02 -7.37264380e-02 8.46946463e-02 -5.94734922e-02 1.31019160e-01 -2.28203014e-02 2.39521358e-02 1.20864891e-01 -1.41508654e-01
 9.21762660e-02 -1.26064969e-02 -5.23118339e-02 1.06736645e-01 -9.74757597e-03 9.34359729e-02 1.19177021e-01 -1.18905328e-01 2.40106340e-02 3.30254622e-02 -6.03217743e-02 5.70698790e-02 -5.60617112e-02 -2.12474056e-02 1.22677684e-01 4.26569246e-02
 7.40541890e-02 2.90724263e-02 -2.05980897e-01 1.37437209e-01 7.08557367e-02 -1.18348533e-02 -7.68103376e-02 3.48376818e-02 -5.65049835e-02 1.93748280e-01 -1.33665964e-01 7.12972954e-02 7.07897618e-02 1.21339271e-02 1.17971264e-01 1.25545144e-01
 1.61276266e-01 -8.12600330e-02 6.30417168e-02 -2.40944847e-02 1.85856596e-01 7.87729491e-03 1.30650848e-01 9.36694145e-02 3.94425429e-02 1.11621849e-01 -1.05182836e-02 2.04608992e-01 1.44695193e-01 -4.84082120e-04 1.11611202e-01 1.03931159e-01
 -1.42174825e-01 5.66434786e-02 9.28002074e-02 2.87746228e-02 -1.30553097e-01 -2.74805608e-03 8.64913780e-03 9.32390094e-02 -2.01784730e-01 2.66934298e-02 1.77958786e-01 -1.16898464e-02 -3.92980054e-02 8.02762248e-03 1.42760828e-01 3.84600461e-02
 2.33118817e-01 -1.10021211e-01 -4.45143394e-02 6.87353313e-02 1.52539805e-01 5.99179044e-02 -4.35930118e-03 -7.59070367e-02 1.65086120e-01 -4.80795316e-02 3.78578305e-02 4.87463288e-02 -1.78877674e-02 -1.20585963e-01 5.65421507e-02 -2.54301690e-02
 1.32153884e-01 1.77909002e-01 1.92282468e-01 1.06711537e-01 8.09706300e-02 1.60690248e-01 2.70926189e-02 8.00660327e-02 -1.30624697e-01 -1.41177094e-02 9.10068154e-02 -1.04033444e-02 1.07331108e-02 5.52315824e-02 3.91161777e-02 7.86084160e-02
 3.99846248e-02 2.02133618e-02 -9.39539447e-03 1.85498342e-01 7.35960156e-02 -5.74791618e-02 -4.91283718e-04 -1.05738603e-01 -4.81572226e-02 -5.99738024e-03 1.43630102e-01 -1.01598844e-01 5.01911640e-02 -8.69412869e-02 -3.98106761e-02 1.87997043e-01
 8.17906857e-02 3.75806503e-02 -2.33728334e-01 -3.26359703e-04 1.58975497e-01 -8.47720262e-03 1.86929107e-01 -1.31355166e-01 6.89888000e-02 1.22841641e-01 -1.35821849e-01 2.17975810e-01 -7.03909621e-02 5.94619848e-02 8.02754015e-02 -3.40170003e-02
 1.71684865e-02 -5.05970232e-02 -1.85051143e-01 -6.23828545e-02 3.37674282e-02 7.67521933e-02 -7.02146590e-02 -1.09990150e-01 1.31751060e-01 9.98570621e-02 2.93133147e-02 6.40354455e-02 -1.30847335e-01 -2.03890577e-02 -5.51610440e-02 1.58354282e-01
 -6.40153065e-02 -6.73176795e-02 -1.84197605e-01 -6.62731752e-02 3.60450111e-02 4.54947576e-02 1.32310661e-02 4.09174450e-02 5.39062917e-02 -2.36326884e-02 -2.92731617e-02 2.35104084e-01 5.97845018e-02 1.37719795e-01 1.09436281e-01 -6.14784695e-02
 1.15396075e-01 5.44636287e-02 -5.56013808e-02 7.69395977e-02 1.18996687e-01 1.91887289e-01 4.56980802e-02 6.09055534e-02 -1.60888866e-01 3.97371538e-02 3.52085233e-02 5.25218211e-02 5.81692788e-04 -5.93304634e-02 1.17633536e-01 1.93959624e-02
 7.10649416e-02 1.57945305e-01 1.02288321e-01 -1.33179873e-01 -8.87643993e-02 1.04534298e-01 1.45051461e-02 1.18421353e-01 2.96608415e-02 -2.49795001e-02 -4.39680219e-02 -9.49423090e-02 5.37161455e-02 -9.20573622e-03 5.89147694e-02 -2.03078076e-01
 -1.32814407e-01 3.46721597e-02 2.26737201e-01 1.56655654e-01 -6.95118383e-02 -7.97939077e-02 -3.07731647e-02 -8.98765251e-02 3.83214541e-02 -8.10878128e-02 1.37135908e-01 -2.47033939e-01 -1.21141203e-01 -1.03076376e-01 4.96517792e-02 2.21488550e-01
 -1.61321476e-01 2.19629437e-01 -9.88853257e-03 2.68823728e-02 -7.42822438e-02 1.53962344e-01 -2.61789486e-02 -4.93657105e-02 1.69043973e-01 1.19213834e-01 4.67875339e-02 3.09248529e-02 -2.88797114e-02 -3.84049304e-02 -2.99352650e-02 1.84774064e-02
 2.07328141e-01 -1.74701650e-04 -3.54208201e-02 4.25000116e-02 -2.07443371e-01 -2.59052385e-02 7.95849636e-02 2.01743073e-03 1.79578796e-01 1.29944205e-01 3.69502082e-02 1.41448677e-01 -7.79149905e-02 2.04283427e-02 -1.85872018e-02 1.44201979e-01
 1.78174879e-02 -1.21901289e-01 -4.65163104e-02 2.79996004e-02 -2.88625304e-02 2.08964393e-01 1.86889544e-02 -2.35301685e-02 1.27161279e-01 6.35617375e-02 4.20404896e-02 8.33347589e-02 -5.87222055e-02 1.52003616e-01 -3.30527201e-02 -5.50567918e-02
 -3.40121649e-02 -2.04634115e-01 1.51802644e-01 3.43869142e-02 1.22775957e-01 -2.03011900e-01 -1.38406754e-01 -1.77931227e-02 1.19877182e-01 -2.06699893e-02 7.22182915e-02 -9.43305790e-02 1.71153784e-01 2.17055693e-01 4.65265661e-02 1.29864402e-02
 -3.80133390e-02 1.93027332e-02 -2.47801729e-02 -1.08291954e-01 2.06393197e-01 1.98692773e-02 -2.14666232e-01 1.31591365e-01 -1.90802440e-01 1.14117183e-01 2.21907035e-01 4.51706424e-02 1.11803472e-01 2.55521722e-02 -2.32602898e-02 2.20566124e-01
 -3.39381546e-02 -8.98002684e-02 -6.52332380e-02 7.41797313e-02 4.97488976e-02 1.90053478e-01 -2.07852162e-02 1.40414210e-02 -1.18247516e-01 6.78908154e-02 -2.40131607e-03 -2.03724904e-03 -1.75109170e-02 -1.47167489e-01 1.58661708e-01 -1.72875106e-01
5.97327650e-02 7.38128275e-02 -1.16410471e-01 -2.15058431e-01 -2.06991788e-02 -9.76679325e-02 -1.30641907e-01 1.35468915e-01 -1.23415709e-01 -1.46830186e-01 -5.53871505e-02 1.31186927e-02 1.32822460e-02 -9.78981610e-04 -7.24316984e-02 7.13113174e-02
 7.42696598e-02 -1.55135244e-01 1.50971144e-01 2.87423879e-02 1.14091597e-01 -1.91944256e-01 -1.81646720e-01 -1.60938919e-01 1.84861556e-01 4.18512262e-02 1.52414247e-01 -1.03847072e-01 1.54555112e-01 4.13373522e-02 6.92970008e-02 1.35437408e-02
 -8.77214074e-02 -4.68781665e-02 9.69080850e-02 -7.02883452e-02 3.81228104e-02 6.78107589e-02 2.27744374e-02 -1.00270934e-01 -1.56254899e-02 -6.41071871e-02 7.19461739e-02 -1.99459270e-01 -1.63577676e-01 -1.16065808e-01 8.07166845e-03 1.82122484e-01
 -1.61528111e-01 5.45482002e-02 1.33941963e-01 -1.08365811e-01 -2.20174551e-01 -4.99905236e-02 1.10331252e-01 9.24794301e-02 -2.05107436e-01 4.69950922e-02 -6.27814210e-04 -7.71473497e-02 9.15926918e-02 -5.58260344e-02 1.58468634e-01 4.32551205e-02
 9.34588537e-02 7.61259720e-02 -1.65833071e-01 7.40500924e-04 6.95591718e-02 -4.00999468e-03 5.34605086e-02 -2.51051933e-01 1.19890161e-01 2.74241846e-02 1.93763785e-02 1.48355842e-01 9.04696882e-02 6.88584372e-02 -2.81865615e-02 2.22104073e-01
 9.82298926e-02 -1.16291106e-01 -1.31026536e-01 1.16260000e-01 7.08472133e-02 -9.39107686e-02 -2.63472255e-02 -8.15075785e-02 -1.37658389e-02 1.67893276e-01 -8.68505165e-02 8.63924399e-02 1.63613968e-02 -8.45335945e-02 -1.01389457e-02 1.06586978e-01
 6.18224852e-02 -2.98247524e-02 -9.24901068e-02 6.30991310e-02 2.87487023e-02 -1.35339191e-02 7.27979392e-02 -1.52142674e-01 -4.87420224e-02 2.17919827e-01 6.49742335e-02 -1.16205923e-01 4.13714312e-02 1.06631488e-01 -1.84670255e-01 1.32322863e-01
 2.42195487e-01 -1.62021145e-02 -1.49350464e-01 1.77009538e-01 8.05906877e-02 4.52952869e-02 3.48517410e-02 3.94089986e-03 -8.90360922e-02 5.83527349e-02 8.24980512e-02 2.72062719e-02 1.36468068e-01 -5.77090196e-02 -1.75951883e-01 -1.63711131e-01
 -2.40828305e-01 9.03777033e-02 -1.42517582e-01 -1.35137752e-01 -2.23429110e-02 -1.46671887e-02 7.10483582e-04 1.33627117e-01 -8.69351923e-02 -3.56407166e-02 -4.29709703e-02 -1.11384191e-01 1.13579862e-01 3.55085209e-02 -1.36030391e-01 -1.36736304e-01
 1.45693809e-01 -7.03500584e-02 1.62730455e-01 5.67230806e-02 -3.76867019e-02 -1.08897425e-01 -1.43860012e-01 -4.60838489e-02 8.59712586e-02 1.82058692e-01 -5.35321282e-03 7.32867122e-02 -5.40249748e-03 -6.98951334e-02 -8.02648887e-02 7.67237619e-02
 -4.56498899e-02 1.05867475e-01 1.23958640e-01 -2.18528397e-02 5.12635894e-02 2.62034815e-02 -3.09266374e-02 2.26486638e-01 -1.45410672e-01 -1.83059633e-01 4.50216383e-02 -3.30866687e-02 1.46129414e-01 7.96017945e-02 4.93657552e-02 2.51434091e-02
 -2.06597354e-02 1.47274688e-01 6.02390468e-02 -8.60319287e-02 4.00614738e-03 7.31538981e-02 1.42518818e-01 1.58837989e-01 4.82426248e-02 5.50343767e-02 -4.77676988e-02 -2.52034571e-02 5.38716465e-02 7.37011805e-02 1.04093730e-01 6.09520301e-02
 7.80171156e-02 -1.09529473e-01 -9.58334282e-02 2.04377156e-02 -6.54764399e-02 1.24907576e-01 -1.41272768e-01 -8.78932029e-02 7.01743439e-02 5.71168251e-02 -3.49603500e-03 -9.88212749e-02 -1.12626879e-02 -1.07747138e-01 -1.05279356e-01 1.86661538e-03
 -1.11664653e-01 2.56687663e-02 1.15771823e-01 1.42482847e-01 -2.97692977e-02 -6.88856915e-02 -1.04297586e-01 -1.69717535e-01 1.74727991e-01 2.03598693e-01 2.32821628e-01 -1.50752366e-01 -1.27549723e-01 -1.33895338e-01 -1.50640711e-01 1.03272639e-01
 -3.96266468e-02 -7.12255388e-02 1.67769507e-01 4.34031710e-02 4.85147536e-02 1.38006583e-02 8.00954327e-02 1.12072855e-01 2.12554522e-02 3.90737243e-02 1.82941616e-01 7.35302716e-02 1.64862610e-02 -1.76282052e-03 -4.91625518e-02 7.17372522e-02
 2.96175219e-02 -3.90021205e-02 1.24342091e-01 -7.48239532e-02 -1.40745372e-01 -1.31530181e-01 2.56130956e-02 6.06403910e-02 -1.64976254e-01 9.42253415e-03 1.42157003e-01 8.19436163e-02 -4.90997992e-02 1.82928927e-02 6.20763525e-02 6.31713197e-02