-1.35056600e-01 7.74437487e-02 3.53123248e-02 6.86724186e-02 -9.39488262e-02 -2.20800310e-01 -7.83644617e-02 -1.01172738e-01 7.68126398e-02 -3.33058015e-02
 -1.63290918e-01 -5.47081530e-02 9.76506397e-02 -2.06768215e-02 1.68361694e-01 5.63010573e-02 -2.38154903e-02 5.36060445e-02 -4.02609371e-02 -5.96099757e-02
 -1.80461615e-01 -1.63274854e-01 -2.13540912e-01 -1.01653196e-01 1.58013180e-01 1.33127332e-01 1.18964873e-01 4.61054072e-02 9.38340649e-02 3.67790856e-03
 -1.41530275e-01 3.79477032e-02 6.65984377e-02 -3.18821445e-02 -4.79332730e-02 -1.41361892e-01 6.62439987e-02 1.02208123e-01 -6.89229891e-02 4.32727300e-02
 -1.74548954e-01 -2.00864803e-02 1.62398383e-01 6.58206493e-02 -9.25273150e-02 3.45275961e-02 3.67543631e-04 1.09226424e-02 1.06895596e-01 6.21100515e-02
 -1.49614081e-01 -4.14088294e-02 -2.35028770e-02 -3.62470858e-02 -8.99649858e-02 9.04587880e-02 -1.75184738e-02 9.11756977e-02 1.18119143e-01 -9.80236158e-02
 -1.51979923e-01 7.58556202e-02 8.53047296e-02 4.78969961e-02 4.83270995e-02 -4.06898633e-02 8.64243656e-02 -3.17478999e-02 -4.62452546e-02 5.18101305e-02
 9.38099995e-03 6.50392175e-02 -2.18800642e-02 -7.46731758e-02 -2.33961251e-02 -1.71309724e-01 -9.27469730e-02 -1.56303450e-01 -1.00131787e-01 1.23497859e-01
 -1.49093181e-01 8.81203711e-02 -3.62549648e-02 -1.08728528e-01 -3.60421129e-02 1.90878794e-01 6.25495315e-02 9.57192704e-02 -1.92795336e-01 -7.01727569e-02
 -3.13617778e-03 1.03494041e-01 -9.73996520e-03 -1.73064008e-01 -1.88715875e-01 -1.82467159e-02 -1.62326023e-01 -1.28038034e-01 7.09080994e-02 -3.85659607e-03
 7.99431428e-02 -2.12672129e-01 1.12051159e-01 5.20081399e-03 1.64997250e-01 -1.72957301e-01 4.99248467e-02 4.04067114e-02 4.53653298e-02 9.63449478e-02
 -1.28350273e-01 -1.63110197e-01 -3.63655388e-02 -1.14360020e-01 1.54081821e-01 -2.21283920e-02 -9.07626469e-03 -5.40404767e-02 9.33807530e-03 1.51956692e-01
 -2.09560506e-02 -3.28594148e-02 -1.67383522e-01 -6.03971258e-02 1.03231147e-01 1.62677139e-01 4.13078628e-02 -2.05096006e-02 -4.49862927e-02 8.95040855e-02
 4.90691625e-02 2.89842673e-02 1.43831387e-01 -2.26365477e-01 1.28492713e-01 -5.77142164e-02 1.06465384e-01 -2.75598317e-02 6.94955587e-02 1.83422621e-02
 -1.92657765e-02 -8.76586959e-02 9.13847536e-02 -1.49349183e-01 1.21353425e-01 -3.81857902e-02 8.90211686e-02 -6.86421320e-02 -7.28829727e-02 1.85004979e-01
 2.59015225e-02 -1.52802840e-01 -4.78193462e-02 1.63744360e-01 2.79488899e-02 -1.86133273e-02 -4.66639735e-02 -8.84064510e-02 6.19076937e-02 -1.44708857e-01
 1.12614259e-01 2.36360673e-02 -1.31913712e-02 -1.23535477e-01 1.58287331e-01 -3.18933465e-02 1.48121178e-01 8.52498710e-02 9.07308143e-03 1.64882287e-01
 -2.19355561e-02 -1.36103239e-02 2.00892657e-01 1.58593968e-01 -9.20614824e-02 -6.23622499e-02 -1.60251588e-01 1.28054380e-01 -8.95356238e-02 -1.55168707e-02
 -2.16970205e-01 1.06784597e-01 8.14422816e-02 9.51335430e-02 1.18773885e-01 -9.39841643e-02 -4.83809337e-02 7.56807849e-02 -8.82313028e-02 1.16587780e-01
 6.26257062e-02 -1.36165798e-01 -1.22822694e-01 -8.98198262e-02 -3.09876855e-02 -7.93711022e-02 1.48163319e-01 4.46074270e-02 1.11378670e-01 1.15416616e-01
 1.78569883e-01 -2.55181324e-02 -1.88509356e-02 1.42618299e-01 -2.12276846e-01 1.35708898e-01 1.90326180e-02 1.37940839e-01 -1.22354627e-02 4.31996733e-02
 -2.84250211e-02 6.66650832e-02 -1.12603739e-01 5.99117987e-02 -1.22007601e-01 1.98401093e-01 4.93266881e-02 -5.94466403e-02 1.55770406e-02 1.07250944e-01
 2.48590074e-02 -1.59689877e-02 3.34991291e-02 5.32472096e-02 4.11143079e-02 1.84461817e-01 -9.62619111e-02 7.90671259e-02 -1.11312710e-01 5.06877452e-02
 -1.71209618e-01 1.09511457e-01 -1.58938348e-01 -2.71906275e-02 -9.14737433e-02 -1.14218578e-01 4.22163606e-02 6.51697367e-02 -2.38313541e-01 -3.25604901e-02
 -8.47298205e-02 3.65576670e-02 6.07794523e-03 -8.92684832e-02 -2.10546002e-01 2.12976616e-02 7.74595561e-03 -1.20932817e-01 -1.82101298e-02 -2.07766697e-01
 -1.07902050e-01 -1.29267499e-01 -1.34754285e-01 1.00129358e-01 -8.53410736e-02 9.89322811e-02 -4.62659858e-02 -2.14840937e-03 2.63969451e-02 1.00411410e-02
 1.61769211e-01 -8.49438831e-02 -2.19586000e-01 -2.54983306e-01 1.85973972e-01 -1.35133162e-01 5.43560274e-02 -3.25615630e-02 7.30125466e-03 -1.84036535e-03
 4.42620926e-02 9.80275124e-03 -1.13663115e-01 -1.66353658e-01 -1.42938763e-01 1.02040149e-01 -8.15628655e-03 1.91944078e-01 -2.23341361e-02 -4.12067678e-03
 -2.99281031e-02 1.10078283e-01 -3.30348574e-02 2.21985728e-02 -1.67038798e-01 9.37818140e-02 -3.77004929e-02 1.35033160e-01 -2.80729923e-02 6.48778155e-02
 -1.21927150e-01 1.37871355e-01 1.76282644e-01 1.15460955e-01 5.23304828e-02 9.05080959e-02 -1.88445002e-02 9.71506760e-02 1.62150040e-01 -1.77544028e-01
 -2.66808532e-02 -7.65137300e-02 -1.78670481e-01 -8.95505250e-02 6.50128350e-02 -1.93933234e-01 -1.79983005e-02 1.16222184e-02 -2.05384661e-02 8.27589482e-02
 1.29325435e-01 -2.49177050e-02 -2.77345777e-02 -9.09398422e-02 -5.61424345e-02 -1.05041889e-02 -9.68566462e-02 4.55480292e-02 2.22381782e-02 -5.60792014e-02
 -1.22625893e-02 7.41585791e-02 -9.72330570e-02 -1.92689395e-03 1.41655328e-03 2.89273020e-02 -4.93190214e-02 -5.38536161e-02 -1.17345445e-03 1.43813089e-01
 -8.01492762e-03 3.00308447e-02 -1.16720691e-01 1.21545047e-01 1.58225987e-02 1.12789646e-02 -1.67558968e-01 1.00472063e-01 1.04192063e-01 1.29406515e-03
 -1.83021635e-01 -4.77935150e-02 7.49586597e-02 1.47227496e-01 -3.76681462e-02 1.08899876e-01 1.24500029e-01 -1.68259725e-01 -6.76957518e-02 1.53101142e-02
 8.54763538e-02 8.92535821e-02 1.16493091e-01 -8.55087768e-03 2.31032968e-02 -9.95717794e-02 8.93555656e-02 5.46118524e-03 -1.47974536e-01 -5.30457199e-02
 3.16921212e-02 9.64011182e-04 -3.27052064e-02 7.25902915e-02 -4.77272598e-03 -1.01430140e-01 -5.79983033e-02 9.54985991e-02 -5.62564991e-02 1.36371985e-01
 1.96752697e-02 -5.21587096e-02 7.49471262e-02 1.63081348e-01 -5.31661585e-02 4.25626598e-02 -9.84312892e-02 -1.49512544e-01 -3.92493941e-02 -4.46302034e-02
 1.21703669e-01 1.78811550e-01 7.74542838e-02 -9.53766108e-02 1.21982031e-01 2.95580570e-02 -6.03180192e-02 9.36292782e-02 -4.51530702e-02 -8.19284767e-02
 -1.13451622e-01 -3.63251828e-02 1.30794913e-01 -1.38896694e-02 -3.89495827e-02 -6.29713982e-02 2.19458770e-02 1.48548186e-01 -5.48721962e-02 -1.57473475e-01
 -4.38442193e-02 -3.33737954e-03 1.35956928e-01 8.59649703e-02 8.30696896e-02 -9.96376574e-02 1.32327035e-01 -7.17555657e-02 -1.42337587e-02 -1.02725094e-02
 8.80694687e-02 -8.86680484e-02 -1.39360040e-01 1.03812993e-01 3.29493135e-02 6.09694906e-02 -1.54661968e-01 -3.58406529e-02 -1.49595201e-01 1.66655250e-03
 -1.00234412e-01 1.30665585e-01 -2.37207823e-02 -1.68656632e-01 -7.32176658e-03 -8.71743336e-02 -2.31787413e-02 -1.65548977e-02 1.41009197e-01 1.04150288e-01
 -8.06025341e-02 5.75038977e-02 9.30620581e-02 -1.30097553e-01 1.73228115e-01 4.98696752e-02 1.10702388e-01 5.22950776e-02 -7.07441494e-02 3.56151885e-03
 3.24045494e-02 -2.16266960e-01 1.30527541e-01 -1.80108979e-01 -1.27227396e-01 3.16759236e-02 3.70537043e-02 -4.66453843e-02 1.15854815e-01 4.53635938e-02
 3.47199850e-02 -2.07472369e-02 -7.70609081e-02 1.88448522e-02 -3.44405845e-02 -3.37255225e-02 1.75900206e-01 -1.07282162e-01 -3.72239109e-03 -1.76869426e-02
 -2.39146943e-03 -7.27620199e-02 -1.46478817e-01 2.89228279e-02 -4.95906249e-02 -6.27343804e-02 -2.01386675e-01 -9.43892300e-02 -6.43610358e-02 -3.63654532e-02
 -2.43477728e-02 -8.51394311e-02 1.27677336e-01 -5.14977872e-02 5.76544702e-02 9.17676836e-02 -1.87641293e-01 5.67758642e-02 7.15040714e-02 6.73882887e-02
 -1.14255205e-01 -1.75913945e-01 3.60217621e-03 -2.42982451e-02 -9.93973091e-02 7.68432990e-02 8.38842317e-02 1.54537708e-01 8.82773772e-02 4.68835272e-02
 1.59778625e-01 3.74211892e-02 1.66003942e-01 1.09373160e-01 -1.38856977e-01 2.35402235e-03 4.02298979e-02 -1.55573472e-01 -5.56033440e-02 -1.92443654e-01
 1.41473822e-02 1.91689730e-01 -2.14058056e-01 6.36561960e-02 -7.12710572e-03 7.66622927e-03 1.01751499e-02 -8.66383538e-02 1.80811547e-02 6.34298176e-02
 8.56040418e-02 8.17760900e-02 -1.41011864e-01 -3.72451469e-02 5.54838106e-02 4.76113483e-02 2.23749280e-02 -1.26355812e-01 -7.25933239e-02 1.35084122e-01
 8.68463814e-02 -1.21026173e-01 6.38943985e-02 -7.74456710e-02 -2.13075131e-02 -3.97645228e-04 -1.90896809e-01 1.64283320e-01 -8.91731754e-02 2.01315016e-01
 -1.14728510e-01 3.59190442e-03 3.33952368e-03 7.04431534e-02 1.20931521e-01 3.58619429e-02 -6.49710596e-02 -2.39540581e-02 5.59039377e-02 5.71395233e-02
 -3.73677257e-03 8.38421881e-02 1.29486486e-01 8.76105800e-02 -6.48153797e-02 1.13204159e-01 -5.57050891e-02 3.29703502e-02 7.10588992e-02 7.77617395e-02
 1.23028398e-01 4.18960899e-02 3.31150554e-02 -7.55424565e-03 -1.65267020e-01 -1.44663781e-01 -4.41465117e-02 -7.07561383e-03 1.66231573e-01 1.15183510e-01
 5.39253354e-02 -9.51947272e-02 8.77707377e-02 1.16148021e-03 6.04202002e-02 -7.30487779e-02 2.28003152e-02 -6.86931014e-02 -1.42877584e-03 -7.67776184e-03
 -1.47157341e-01 -3.31789441e-03 -1.94212973e-01 -1.73499689e-01 2.86575574e-02 1.12238139e-01 -1.80820614e-01 9.52694342e-02 -8.63589570e-02 9.89447385e-02
 7.37351328e-02 -2.11053550e-01 4.75589670e-02 4.15792987e-02 -5.77061512e-02 -3.02101430e-02 1.11732461e-01 -1.98227540e-01 3.48390043e-02 -1.55188590e-01
 -4.69391756e-02 9.36326012e-02 -2.59705875e-02 4.13776413e-02 2.42561903e-02 -9.90351439e-02 5.48243336e-03 -2.26649046e-01 2.98621133e-02 -5.62749691e-02
 4.11107242e-02 -1.82629406e-01 -1.22056194e-02 6.77164237e-04 1.68396711e-01 -1.14046866e-02 1.83255598e-01 5.87905897e-03 4.83585671e-02 -5.23207411e-02
 5.10530062e-02 1.55030331e-02 -8.31130520e-02 5.22598773e-02 -5.92550188e-02 1.15084253e-01 3.14112636e-03 1.32880867e-01 1.67668760e-02 -6.45883530e-02
 2.26677269e-01 1.22040875e-01 -1.30479544e-01 8.63637403e-02 -4.79434505e-02 6.35936065e-03 -1.25886664e-01 7.55292699e-02 2.34130397e-03 4.12735017e-03
 -1.16986476e-01 -2.41280161e-02 -9.00421515e-02 1.25003263e-01 1.44672930e-01 1.41630601e-02 -6.44931942e-02 -2.12864548e-01 -1.11481056e-01 -2.08918661e-01
 -1.09900283e-02 5.95715381e-02 1.89864244e-02 3.95615473e-02 -5.46162874e-02 2.48208158e-02 -5.90348877e-02 2.55827252e-02 -1.79218873e-01 -5.97980544e-02
 -1.43422012e-03 -9.64089036e-02 6.40048087e-02 1.04944564e-01 3.42211351e-02 -9.10478160e-02 -1.57508135e-01 4.93618324e-02 1.03312522e-01 2.57337186e-02
 -8.93443450e-03 8.21079314e-02 1.30779877e-01 -1.45768538e-01 -6.40687868e-02 -2.18904778e-01 -8.35123435e-02 6.54438585e-02 -7.46344961e-03 -3.53428274e-02
 2.04862356e-02 -7.19742551e-02 1.65022030e-01 -1.40787333e-01 -1.60107672e-01 1.96897872e-02 1.93168893e-02 -1.51236787e-01 -1.64691672e-01 -2.01361962e-02
 -1.69876099e-01 1.65464535e-01 -4.07712199e-02 4.01689187e-02 3.70090455e-02 -1.50458232e-01 -5.08061834e-02 -2.83572916e-02 8.78518149e-02 -9.00317058e-02
 -2.10899822e-02 9.28858742e-02 1.84777081e-02 -1.24623947e-01 1.16455451e-01 6.02098601e-03 8.62309784e-02 1.80155769e-01 -9.50040966e-02 -5.33833764e-02
 -9.04511958e-02 2.00900674e-01 -7.21709654e-02 -1.72357596e-02 -1.06596850e-01 -5.22794016e-02 1.66045669e-02 -1.14770615e-02 8.73372480e-02 -5.16073331e-02
 -2.27421522e-01 2.06736639e-01 7.49808475e-02 -1.05851278e-01 -5.69389621e-03 1.03484869e-01 1.43769741e-01 -1.09097570e-01 3.31482515e-02 4.43468094e-02
 1.69601545e-01 -1.56469837e-01 -6.23251796e-02 1.20139241e-01 -1.16000980e-01 -1.00358374e-01 3.44539736e-03 -2.41544247e-02 2.16052718e-02 1.63455699e-02
 -1.77902535e-01 -1.55570835e-01 3.33791077e-02 -9.35514867e-02 1.14596553e-01 7.17971753e-03 -6.77062720e-02 -1.64484456e-01 1.14392281e-01 3.23092453e-02
 2.31528223e-01 3.85176726e-02 -1.59085989e-01 -1.32543281e-01 -9.13328156e-02 -4.80109788e-02 -1.10922843e-01 2.22641230e-01 -8.66022834e-04 2.59962045e-02
 -4.20089066e-02 -1.78786162e-02 -2.40511037e-02 9.04434398e-02 -2.00377926e-01 -4.76047099e-02 -1.05935134e-01 -9.81831700e-02 1.89889729e-01 -6.65515289e-02
 -1.02936417e-01 -1.17918715e-01 3.68631398e-03 1.23748042e-01 -1.06293947e-01 3.25014107e-02 9.11667477e-03 8.41003209e-02 -6.17903769e-02 -5.82545698e-02
 -6.87001273e-03 -6.42778054e-02 7.04640374e-02 2.26761624e-02 -1.08805522e-01 -1.00007959e-01 -1.66959986e-01 4.32803072e-02 -1.24101654e-01 8.56691673e-02
 1.50833651e-01 -1.12236582e-01 5.17139584e-02 -5.69457114e-02 7.42412582e-02 1.15923233e-01 -2.05694169e-01 1.01592645e-01 -6.44714013e-02 -7.08466694e-02
 8.33014920e-02 -3.74783911e-02 -8.85043591e-02 1.26720831e-01 -1.04630649e-01 2.51791585e-04 -6.58499300e-02 -4.18914221e-02 -1.89762414e-02 -7.37614259e-02
 -7.85510018e-02 -1.47664294e-01 3.94326262e-02 -1.69209823e-01 7.80966645e-03 1.13175556e-01 -2.36657877e-02 1.32425413e-01 -1.34992853e-01 9.11916718e-02
 3.57549228e-02 8.09957609e-02 -1.71256922e-02 9.41053182e-02 -9.48428214e-02 3.43873282e-03 -6.35906309e-02 2.07989812e-02 1.47935167e-01 1.79593578e-01
 4.62291576e-02 1.93734258e-01 1.31306484e-01 7.57395700e-02 -8.74476507e-02 -1.01109743e-01 -9.58718061e-02 -9.68563091e-03 -3.15812342e-02 -1.51371926e-01
 8.32588971e-02 -1.14907557e-03 -1.47467822e-01 -2.19402537e-01 -4.74225879e-02 9.11788270e-02 1.48685977e-01 1.05498038e-01 -2.44787484e-02 -5.53077459e-02
 -1.99213833e-01 1.18748516e-01 -8.73512402e-02 3.70641090e-02 1.44145906e-01 -1.97056122e-02 -1.88426018e-01 3.58920768e-02 1.21395193e-01 4.87564951e-02
 1.95066798e-02 1.83855549e-01 5.23719154e-02 1.00433111e-01 -1.13661759e-01 9.03069153e-02 1.96242668e-02 3.34922448e-02 3.78445834e-02 -6.38550594e-02
 -2.15443969e-03 -7.88376555e-02 -1.17999792e-01 -1.01766057e-01 6.75497577e-02 4.16090302e-02 5.03774639e-03 -1.79460019e-01 4.22083437e-02 -1.39352143e-01
 1.25242725e-01 -1.78334057e-01 -9.26170126e-02 -6.72132969e-02 1.60449985e-02 -9.90503728e-02 1.56536505e-01 6.31152466e-02 -1.93750128e-01 4.26762924e-02
 -2.40294784e-02 5.24470285e-02 -1.61967531e-01 -3.73486802e-02 -1.35643482e-02 5.35950437e-03 3.37999910e-02 -3.50566097e-02 -4.04804721e-02 -1.29982129e-01
 -7.95793757e-02 1.85888305e-01 1.34774953e-01 -1.04080476e-01 2.01658115e-01 -4.42612022e-02 2.81214043e-02 4.28205356e-02 2.25367397e-02 3.16689909e-02
 -1.48567438e-01 1.66426197e-01 -4.37406711e-02 -1.86996400e-01 -2.12306947e-01 -1.15765683e-01 7.35646114e-03 2.40164027e-01 -2.00926900e-01 4.37883697e-02
 -2.17096671e-01 9.87217426e-02 -1.94942299e-02 1.29516900e-01 1.33840531e-01 -6.25009090e-02 -1.86003327e-01 6.74865618e-02 -1.28568068e-01 2.37587392e-02
 2.37850621e-02 -2.72197388e-02 -1.66497439e-01 -1.01918459e-01 -8.83120447e-02 -6.76790178e-02 7.08242357e-02 -1.87775865e-01 5.09585515e-02 -1.15307406e-01
 1.35975957e-01 -1.72757469e-02 -6.28584437e-03 4.58616652e-02 -3.28995846e-02 3.84475552e-02 -1.19906113e-01 1.06419027e-01 4.92075570e-02 2.60351747e-02
 -6.95748478e-02 4.77532446e-02 -1.24620264e-02 -1.39860615e-01 4.24343050e-02 -1.50981955e-02 1.36727273e-01 -1.41943619e-01 -5.56013845e-02 -1.79262578e-01
 -5.73452525e-02 1.04465134e-01 -1.28043145e-01 -1.47872657e-01 4.55828905e-02 1.10617071e-01 7.08364882e-03 9.77098197e-02 -1.88834108e-02 1.72390100e-02
 -3.30593362e-02 -3.87716480e-02 -1.27623767e-01 -1.83546633e-01 -4.51978929e-02 -1.67117611e-01 1.07001707e-01 -3.08050364e-02 1.56070031e-02 -2.19490211e-02
 -6.59827441e-02 5.32312468e-02 -1.80183440e-01 -1.40261337e-01 1.05789609e-01 -1.53082922e-01 -4.31773672e-03 -1.62448093e-01 -6.91201761e-02 2.56757066e-02
 2.89991703e-02 -1.13607600e-01 -6.32946715e-02 -5.52148856e-02 -1.35177746e-03 1.23587608e-01 4.94798198e-02 5.31114750e-02 4.40238230e-02 1.71336979e-02
 -1.98911145e-01 8.15695748e-02 -1.15703620e-01 6.69136196e-02 6.39872476e-02 8.58188570e-02 4.76931594e-03 -1.52335630e-03 9.34986025e-02 9.78889912e-02
 -6.53466657e-02 -5.54111227e-03 -4.59493212e-02 3.28236222e-02 -1.73153177e-01 -8.97598788e-02 -1.59361809e-01 1.36348769e-01 -6.81914613e-02 8.07851031e-02
 -2.19983906e-02 -9.99910682e-02 -1.49396416e-02 -3.38857956e-02 7.51595274e-02 5.76300453e-03 -1.96794290e-02 -9.73259658e-02 1.21116661e-03 5.87830022e-02
 5.73402494e-02 -3.15391645e-02 7.36896917e-02 -6.89915195e-02 1.00866422e-01 5.74921109e-02 2.49630101e-02 1.34930313e-01 1.59327202e-02 -2.17341296e-02
 9.37957242e-02 6.10842742e-02 3.33066173e-02 -4.85659726e-02 -1.28636584e-01 8.12255740e-02 -1.79790244e-01 -4.71964590e-02 8.48747492e-02 1.43774413e-02
 -3.75509597e-02 2.65575070e-02 -1.95677891e-01 1.04068696e-01 9.76219326e-02 -2.06816211e-01 9.18213576e-02 1.54675171e-01 -8.67042020e-02 -7.41399825e-02
 -7.17620328e-02 -1.60240665e-01 -6.00147955e-02 1.36495590e-01 -3.27416547e-02 1.22317053e-01 -1.19641885e-01 -4.14738916e-02 -6.25642389e-02 -1.21458909e-02
 -1.17565030e-02 -1.65855601e-01 -1.35941371e-01 2.98331100e-02 3.11805755e-02 -1.04896082e-02 4.57802713e-02 -5.19663766e-02 -1.75464414e-02 1.16570033e-01
 1.80105761e-01 -1.41925842e-01 1.86563373e-01 5.28221019e-04 -1.95737839e-01 -1.21793985e-01 -1.13844335e-01 9.58178490e-02 2.77379155e-02 9.53416079e-02
 5.78363091e-02 -1.47472709e-01 8.04267973e-02 1.90395102e-01 -1.64338157e-01 -5.92874810e-02 -5.65923080e-02 -1.39819801e-01 2.57766601e-02 -7.80342072e-02
 1.70984641e-02 4.79373932e-02 7.73223266e-02 4.59591523e-02 -9.44520254e-03 1.07576787e-01 3.60174514e-02 -2.09924921e-01 -6.36099279e-02 2.37576012e-03
 -1.61878392e-01 6.29848316e-02 -1.15094468e-01 8.66674408e-02 -1.06096976e-01 3.75053147e-04 7.38737732e-02 2.18933951e-02 -1.96108356e-01 -8.57317895e-02
 9.05741677e-02 1.03137918e-01 1.14815049e-02 1.46557942e-01 8.85675177e-02 -1.42752053e-02 1.29996374e-01 -2.09870547e-01 -1.22864954e-02 9.58668813e-02
 -1.32909134e-01 -3.81400064e-02 2.32017338e-02 -2.59653423e-02 5.13922274e-02 -1.86628863e-01 3.45848210e-04 -9.39541310e-02 1.43202230e-01 -6.02368615e-04
 -8.62148032e-02 -3.89862955e-02 1.67313352e-01 1.60769939e-01 -1.01597071e-01 -8.03700928e-03 6.07408620e-02 -1.41935144e-02 -5.30784950e-02 3.89042720e-02
 -3.06832176e-02 -1.59947395e-01 1.89565010e-02 -1.34374216e-01 -2.41403114e-02 9.05318484e-02 6.53796121e-02 -3.79186273e-02 -6.10709190e-02 4.14100513e-02
 1.02031484e-01 -4.39509079e-02 -9.65514313e-03 -5.19307144e-02 7.12419972e-02 -5.08411322e-03 -1.88563198e-01 -4.57043760e-02 1.19456150e-01 -1.81058031e-02
 -1.17568187e-01 -5.57812105e-04 -5.93971014e-02 1.24141537e-01 1.63854867e-01 4.43920679e-02 3.27689014e-02 -9.19558033e-02 -7.97909801e-04 -1.34817092e-02
 -1.36897817e-01 2.56138258e-02 -1.65174231e-01 -1.38129711e-01 -1.85247336e-03 1.24700934e-01 -1.05071485e-01 1.04055680e-01 -2.05452777e-02 1.45869136e-01
 9.90693271e-02 -3.97261456e-02 1.40199766e-01 -7.05898181e-03 -2.10920990e-01 3.52226570e-02 -1.18961811e-01 1.02999233e-01 -4.59200926e-02 1.33458704e-01
 1.22922957e-01 1.51157811e-01 1.91518329e-02 -1.20484503e-02 -2.64300972e-01 1.42098084e-01 -1.18131787e-01 1.15699507e-02 3.76222916e-02 -1.03212066e-01
 -9.42148417e-02 1.50250077e-01 2.18822077e-01 1.28512323e-01 -5.14312240e-04 -5.92477433e-02 1.53793544e-01 -1.42038569e-01 -1.61644250e-01 4.37241010e-02
 1.58035606e-02 -8.69727284e-02 5.86007386e-02 -1.09450847e-01 1.32908523e-01 1.08543396e-01 8.20675716e-02 7.83742443e-02 -1.35694847e-01 5.36177084e-02
 -3.34970802e-02 1.13302179e-01 -4.14836891e-02 -3.74939153e-03 3.06715351e-02 -9.31516569e-03 -1.84237137e-01 -2.96291076e-02 7.86156505e-02 -1.16220698e-01
 -6.00076793e-03 1.75489823e-03 9.63880345e-02 -1.74344592e-02 1.18201882e-01 -1.64877936e-01 6.32638410e-02 -5.05725704e-02 9.09654275e-02 -1.07789345e-01
 -3.97014990e-02 -4.20822501e-02 7.98101202e-02 1.09512061e-02 -5.97914346e-02 -1.20921256e-02 -9.45010632e-02 1.17275245e-01 6.66998178e-02 4.48671132e-02
 2.38423795e-02 -6.00304194e-02 -1.21737137e-01 -1.68933183e-01 -1.75475329e-01 1.22952141e-01 1.91599101e-01 7.90679678e-02 4.21044752e-02 -2.48140972e-02
 -1.49890929e-01 1.09749138e-01 7.50717595e-02 -4.06954326e-02 -1.14698090e-01 -1.02435097e-01 -2.53606103e-02 3.11976429e-02 9.40828696e-02 -1.42052710e-01
 2.03660533e-01 -9.43970121e-03 -1.35263681e-01 -1.54484570e-01 -1.60197839e-01 -1.02688521e-01 8.91498625e-02 6.79294840e-02 -9.29326713e-02 9.23590660e-02
 2.79831258e-03 -5.66048212e-02 -7.43408352e-02 -1.28751278e-01 8.67427289e-02 8.95688906e-02 1.09133506e-02 -1.29103646e-01 6.46833032e-02 -7.97739476e-02
 7.91183114e-02 6.90758079e-02 6.25073463e-02 7.95634463e-02 4.95028272e-02 -1.77759290e-01 7.18881637e-02 6.65408224e-02 -2.04802439e-01 1.82010084e-02
 8.84995908e-02 -1.64305106e-01 4.21766452e-02 4.35296521e-02 7.86242262e-02 2.97676232e-02 5.04983775e-02 -8.05463791e-02 -2.69729178e-02 -1.30344659e-01
 6.53235614e-02 -4.70928364e-02 1.06105424e-01 -4.65204902e-02 7.66737089e-02 -3.93826216e-02 9.78781935e-03 1.12352431e-01 3.69603261e-02 2.02502087e-02
 1.94698095e-01 -2.96220556e-02 2.33542733e-02 -2.87747686e-03 1.64253023e-02 9.44603384e-02 -8.48456323e-02 1.46385193e-01 -3.40728723e-02 5.32571375e-02
 -1.77226394e-01 5.02899699e-02 1.18264169e-01 -1.44275010e-03 1.73759446e-01 5.72289266e-02 1.30824611e-01 1.47509679e-01 -9.17723253e-02 9.38523561e-02
 -7.58630633e-02 6.24046586e-02 -1.44105569e-01 -9.17510092e-02 -1.88024919e-02 -5.18976264e-02 1.01323195e-01 -1.06023312e-01 9.80198979e-02 5.45303971e-02
 -6.69700429e-02 -1.65026754e-01 2.58851070e-02 4.70798872e-02 3.38461623e-02 -1.21381328e-01 -8.67599156e-03 -3.84931341e-02 8.64769518e-02 1.03843719e-01
 -3.32338884e-02 6.76822141e-02 9.34066400e-02 -1.48915187e-01 -2.00355221e-02 -1.99811235e-02 -8.26671496e-02 -9.80389416e-02 -2.46180855e-02 1.58126697e-01
 -1.10454120e-01 9.46264863e-02 -2.77197491e-02 -2.95247231e-02 5.39539829e-02 -7.43588805e-02 9.76977423e-02 2.67033502e-02 1.45891756e-01 -1.80323422e-01
 7.75896013e-02 -1.87627394e-02 -5.90678267e-02 -1.58555247e-02 6.16768515e-03 8.11250061e-02 1.09660238e-01 -2.25970179e-01 4.53671515e-02 -1.99613366e-02
 -2.64218776e-04 -1.83669310e-02 -1.22966012e-02 -4.81568091e-02 -1.85493436e-02 -3.85017768e-02 -1.26280542e-03 -1.41094685e-01 7.45896250e-02 6.98639005e-02
 1.04548885e-02 1.13963269e-01 7.30249882e-02 -8.59318301e-03 -3.76948565e-02 -1.74290687e-02 9.20602828e-02 -9.08466130e-02 8.09665304e-03 9.04256031e-02
 -8.39924812e-02 1.68618947e-01 -6.69616088e-03 5.15253358e-02 4.48095426e-02 1.70114949e-01 -1.45150736e-01 3.77540253e-02 -3.13828625e-02 -1.76085129e-01
 6.44813403e-02 -1.28181145e-01 1.75360441e-01 8.97401795e-02 -7.47211128e-02 1.09587694e-02 4.85175708e-03 -1.89341635e-01 -1.18632250e-01 2.41900701e-03
 1.06536664e-01 -4.97914739e-02 -9.81034935e-02 5.62334023e-02 -7.32583627e-02 5.04236743e-02 -4.97806333e-02 4.41671796e-02 9.04315114e-02 2.09923573e-02
 -8.07487294e-02 -9.44754034e-02 1.29095977e-02 -5.62744811e-02 1.06526449e-01 -1.56787932e-01 -1.59792490e-02 -4.33035195e-02 -7.47917816e-02 5.58528602e-02
 3.17081548e-02 3.53441834e-02 1.31861150e-01 -1.14464760e-01 1.80551961e-01 -2.33788475e-01 -2.97489855e-02 8.93300325e-02 -6.76079048e-03 3.05632539e-02
 -1.42861784e-01 -1.74430013e-01 3.37879616e-03 -1.46467537e-01 -7.29838852e-03 1.59388974e-01 -7.19701275e-02 1.44341635e-02 6.01548664e-02 -5.12474813e-02
 -2.18337968e-01 -7.58411810e-02 -6.33504912e-02 -5.13460077e-02 7.77934417e-02 -2.06360910e-02 -3.84414122e-02 -7.95568302e-02 -2.10969880e-01 5.46309538e-02
 1.25430077e-01 1.20171875e-01 1.47161838e-02 1.11459931e-02 -5.64273335e-02 -1.51948243e-01 -4.57042865e-02 3.32595296e-02 -1.08467542e-01 -1.30989164e-01
 -4.59823795e-02 -5.84397279e-02 -1.82896793e-01 6.57579377e-02 8.96772966e-02 6.52994290e-02 -3.84141393e-02 -1.09650176e-02 1.02596926e-02 9.31347385e-02
 3.11722904e-02 -1.52380809e-01 3.78674343e-02 -8.55848789e-02 -1.07196286e-01 -3.08656599e-02 1.17726929e-01 -8.57549980e-02 1.43667713e-01 -1.43640414e-01
 1.27787888e-02 5.28542362e-02 1.26603961e-01 -5.02076140e-03 -1.02864020e-02 4.74374592e-02 6.38661608e-02 -8.68794788e-03 1.60560489e-01 2.57457793e-02
 1.57284945e-01 -3.56832221e-02 4.84794788e-02 1.40521482e-01 -4.95793484e-02 -7.54450932e-02 2.18331382e-01 -1.10235617e-01 -8.36625025e-02 -3.07682827e-02
 -7.24270418e-02 -1.79993659e-01 5.13706654e-02 3.98296677e-02 -1.04819201e-01 -2.50604860e-02 2.65386868e-02 1.67257980e-01 -3.51647772e-02 -4.39789370e-02
 8.11451226e-02 -1.08144488e-02 1.19349442e-01 -6.33574352e-02 -5.84736243e-02 9.77227092e-02 1.82365298e-01 -1.24804735e-01 1.98174149e-01 1.58625424e-01
 1.66391693e-02 -1.70743585e-01 8.80821124e-02 1.10283628e-01 4.52509150e-02 2.97237113e-02 -1.40841976e-01 1.78533550e-02 -9.07636900e-03 -8.14514235e-02
 -6.95342869e-02 1.79516096e-02 -1.95978284e-01 -1.02455042e-01 -4.36381027e-02 9.67876539e-02 2.20368326e-01 -1.25896081e-01 -1.12233214e-01 -9.70086306e-02
 6.72833920e-02 -2.51541706e-03 -1.39353573e-01 7.22202733e-02 -1.41786829e-01 -1.97519943e-01 1.05907425e-01 -8.84874091e-02 -1.10060193e-01 -9.75459814e-02
 -1.28376335e-01 7.62395561e-02 1.59737721e-01 2.16030725e-03 -1.52581930e-01 8.07673037e-02 -6.29883856e-02 1.47768036e-01 1.23613395e-01 8.14151466e-02
 2.93949153e-02 1.19341418e-01 -1.35767534e-01 1.03110813e-01 -7.81243294e-02 -7.34815523e-02 -9.65533927e-02 1.71470985e-01 -1.76553294e-01 1.03335150e-01
 -1.09769702e-01 1.35401532e-01 8.24072212e-03 -8.45567137e-02 1.05510406e-01 -7.80245140e-02 -1.38993949e-01 -1.59579530e-01 2.02656593e-02 5.33360988e-02
 -6.24633618e-02 2.41817553e-02 -6.60791993e-02 -1.95004165e-01 1.41510531e-01 6.85354546e-02 8.11171085e-02 -1.18118659e-01 6.94283247e-02 2.88036396e-03
 8.39592293e-02 -5.12509234e-02 6.39933571e-02 1.34231988e-02 -4.42337804e-02 9.92395505e-02 1.50066972e-01 1.18423089e-01 1.58226624e-01 7.46734589e-02
 -3.06201614e-02 -4.64185402e-02 1.76443964e-01 2.22053118e-02 4.27933559e-02 8.07012245e-02 -9.75239947e-02 8.07567537e-02 1.08442038e-01 1.14456393e-01
 -1.61575779e-01 6.65328875e-02 -4.94342931e-02 -1.21717244e-01 7.62488395e-02 -9.54544619e-02 4.02398640e-03 9.76872966e-02 1.03910424e-01 -9.32594575e-03
 1.09199658e-01 -2.09282711e-02 -1.32070435e-02 1.92256030e-02 -1.77044988e-01 -4.82942201e-02 7.90468752e-02 -5.87226376e-02 -4.91276048e-02 -2.14586601e-01
 3.32985483e-02 -9.89074539e-03 -8.86140764e-02 1.25070453e-01 -1.38771042e-01 1.80382207e-01 1.76310278e-02 -1.89718325e-03 1.00433834e-01 4.92620887e-03
 1.71187297e-01 1.66746769e-02 -1.45617828e-01 7.53337443e-02 8.76212940e-02 1.30052328e-01 -1.29933193e-01 4.29597236e-02 8.91371593e-02 8.87998790e-02
 -8.81297141e-02 -2.42580026e-01 -1.99430734e-01 -2.57801614e-03 5.94523177e-02 5.13864532e-02 -7.11908340e-02 -3.81248407e-02 1.86595291e-01 -3.40067782e-02
 1.68968990e-01 -1.26377329e-01 -2.51750704e-02 1.68730002e-02 1.76263729e-03 -8.76400545e-02 6.64027110e-02 1.51239917e-01 -9.21595395e-02 -4.56255162e-03
 -1.45813480e-01 1.10854864e-01 -3.46848965e-02 1.33040130e-01 8.01106095e-02 -1.03410721e-01 -1.01996854e-01 1.23369498e-02 1.40549809e-01 5.83820753e-02
 4.50853109e-02 -9.53918230e-03 -9.89182070e-02 3.36101390e-02 4.57314961e-02 -1.19720221e-01 -4.81104627e-02 3.43197770e-02 5.09171709e-02 4.52686511e-02
 7.94298947e-02 2.54321862e-02 1.61977693e-01 1.27013177e-01 -3.45819332e-02 -2.95097996e-02 6.23055138e-02 -1.55095920e-01 -1.48227334e-03 1.38592094e-01
 1.10185236e-01 3.97791229e-02 -1.45863369e-02 -1.10400021e-01 2.08665878e-01 -1.48376241e-01 1.91837981e-01 1.14135019e-01 1.38743252e-01 -1.75970688e-01
 -1.47336200e-01 3.45613882e-02 1.20681442e-01 7.11307451e-02 -2.25099951e-01 -3.00112311e-02 -1.22959532e-01 9.70776156e-02 1.85433805e-01 1.77220125e-02
 -1.96193345e-02 1.57730252e-01 3.31982821e-02 3.36038694e-02 1.11334600e-01 -5.30561293e-03 1.77721307e-01 -8.06393474e-02 -1.58457801e-01 1.97397575e-01
 6.12932146e-02 9.09744501e-02 -7.39170536e-02 -5.69728911e-02 -1.22500703e-01 7.03728497e-02 1.06472678e-01 -1.02253951e-01 9.58200768e-02 -9.17028487e-02
 8.90975222e-02 1.59901707e-03 -2.17692610e-02 3.69121619e-02 1.66046113e-01 6.52694032e-02 -1.94851626e-02 5.37968576e-02 -2.50297394e-02 1.79905936e-01
 -1.82640795e-02 -3.58954296e-02 1.29407749e-01 -3.95126604e-02 1.46377161e-01 1.92838177e-01 6.26696423e-02 -5.95003776e-02 1.89281031e-02 -2.54531135e-03
 1.89509258e-01 -2.07582638e-01 6.06488585e-02 -6.62930161e-02 1.73401609e-02 1.55483112e-01 -9.46385041e-03 -1.84243426e-01 -7.12037310e-02 -7.99838305e-02
 3.52890082e-02 -7.10919350e-02 5.33106215e-02 1.11653702e-02 -2.20900759e-01 1.17611349e-01 3.80276553e-02 -9.52393785e-02 1.13998838e-02 -1.92430809e-01
 -1.95805430e-01 1.73575059e-01 3.74201015e-02 -3.83485258e-02 6.42612278e-02 -1.74014136e-01 1.45844445e-01 9.34748445e-03 -3.77916396e-02 4.39811498e-02
 1.80731595e-01 -6.77901283e-02 7.46369585e-02 -2.15599999e-01 3.48348394e-02 1.14960887e-01 1.35202182e-03 -4.56617698e-02 3.49232368e-02 7.03704879e-02
 5.64240962e-02 -5.58295008e-03 7.46749640e-02 2.51277797e-02 2.05474466e-01 -5.91328405e-02 2.83290353e-02 -1.19719990e-01 7.25084841e-02 6.46019429e-02
 6.20561503e-02 -8.32375661e-02 1.48660079e-01 1.75990328e-01 -1.38259113e-01 -1.18000917e-01 -1.23299770e-01 5.91868162e-02 7.85411000e-02 6.81388453e-02
 -1.99726194e-01 6.61686510e-02 8.08826089e-02 -3.22741196e-02 -4.16762196e-02 8.13559517e-02 -4.72865999e-02 5.81775568e-02 2.10202709e-02 -3.98979373e-02
 3.89825813e-02 -6.37228191e-02 -1.61545873e-02 -1.09964527e-01 2.19551343e-02 1.97741017e-02 1.41734242e-01 -1.88839808e-01 -1.81304396e-03 -1.28547221e-01
 -1.47294655e-01 -1.56210527e-01 -9.84026417e-02 6.77441284e-02 1.52522847e-01 4.31209058e-02 -9.27814618e-02 -5.39734885e-02 8.87399688e-02 9.64238569e-02
 2.11242475e-02 -1.06496237e-01 2.40308102e-02 -1.91112608e-01 -1.39362007e-01 6.01143762e-03 -1.63923681e-01 1.84997953e-02 8.86494815e-02 2.07706854e-01
 -2.14577205e-02 -2.33569473e-01 8.94059837e-02 9.59617123e-02 4.94817384e-02 4.20865277e-03 1.13849185e-01 -1.60011545e-01 -1.10989608e-01 -1.37531236e-01
 7.84841776e-02 -1.89103082e-01 1.01328474e-02 -3.26333679e-02 -1.33108020e-01 3.65255550e-02 8.22343677e-02 -2.00748235e-01 1.84029534e-01 -9.33372229e-02
 -1.08225390e-01 8.39684457e-02 1.67064622e-01 1.74781635e-01 -2.68857349e-02 -1.42522454e-01 -1.79033242e-02 6.38231933e-02 5.56244887e-02 -1.69227138e-01
 7.99593236e-03 -5.60046099e-02 -1.02514727e-03 -2.33065426e-01 -1.13009125e-01 -5.77608310e-02 9.04306620e-02 1.12025164e-01 6.58861622e-02 2.72631254e-02
 1.45749571e-02 3.91685180e-02 -2.67542638e-02 1.41289746e-02 -1.04801003e-02 5.28607704e-02 1.37751237e-01 -5.01883142e-02 1.98095649e-01 -7.13205934e-02
 -5.95634046e-05 1.02706127e-01 -5.18834703e-02 2.21794501e-01 1.39134116e-02 -1.14786625e-01 2.72801276e-02 4.07448038e-02 -3.66089754e-02 1.34434029e-01
 -7.62886852e-02 -1.44362658e-01 -1.22483544e-01 -2.19502021e-02 1.49945706e-01 -2.73850691e-02 -1.45030215e-01 1.56069264e-01 -5.64399175e-02 9.76188108e-02
 1.22165740e-01 -1.69022486e-01 -1.07297361e-01 -4.80911620e-02 -1.06085882e-01 -6.72684908e-02 3.46259885e-02 -4.40191999e-02 -7.34351799e-02 1.43600121e-01
 -2.46367045e-02 1.27451330e-01 -8.38834569e-02 1.54525489e-01 1.78384110e-01 -6.48474842e-02 4.42631077e-03 -1.54844439e-02 -9.70134661e-02 7.26395696e-02
 -2.59203669e-02 -1.68456864e-02 -1.93916019e-02 5.66027723e-02 7.00428337e-02 -9.66326222e-02 -3.48048434e-02 1.48352101e-01 -1.66796938e-01 8.82377177e-02
 8.45198426e-03 -7.34205991e-02 9.33497772e-02 -2.05201566e-01 3.34404893e-02 6.46373257e-02 8.79762173e-02 -4.68679294e-02 1.37334481e-01 -1.85647368e-01
 -5.35967536e-02 1.22471482e-01 9.75672901e-02 -1.20653969e-03 1.01823859e-01 -4.88320142e-02 -2.45792605e-02 -4.67311218e-02 1.79262355e-01 -1.60365134e-01
 -1.17249332e-01 9.86516327e-02 -1.38491049e-01 -1.20131418e-01 3.13253365e-02 -3.06273606e-02 -7.67160729e-02 4.18206602e-02 -9.28883851e-02 -1.58009529e-02
 1.20515987e-01 6.25551045e-02 -1.60031095e-01 3.31955440e-02 -1.09271191e-01 -1.88650727e-01 -1.02462217e-01 1.42412782e-01 1.32550478e-01 2.23222971e-02
 2.03696303e-02 -1.10406011e-01 1.89851448e-01 1.47559628e-01 9.00052488e-02 -6.08720444e-03 -6.95133209e-02 3.24283987e-02 8.17448720e-02 -2.20781472e-02
 2.18963642e-02 5.85987791e-02 1.27105983e-02 -6.78239241e-02 -1.11136384e-01 1.20761640e-01 8.97263587e-02 -5.24115190e-02 3.98489088e-02 2.28053816e-02
 1.34241702e-02 1.23992562e-01 1.18077405e-01 -1.11114152e-01 2.68302523e-02 -1.34307250e-01 1.30567282e-01 1.43329844e-01 5.07938117e-02 -1.81155041e-01
 2.38597873e-04 2.23813012e-01 1.12178907e-01 -3.93493921e-02 -1.77469477e-01 2.02715948e-01 -8.34926739e-02 -1.84202000e-01 -5.69798760e-02 6.31845444e-02
 1.84933916e-02 -7.06713870e-02 -1.23586662e-01 4.43607196e-02 2.28647776e-02 -1.48604453e-01 -2.21199030e-03 8.17889795e-02 1.09335013e-01 -1.34421170e-01
 -1.23305209e-01 8.32672045e-02 7.66124278e-02 1.76265165e-01 -1.71247423e-01 -1.34933591e-01 4.59122099e-02 1.61465302e-01 -2.02583998e-01 -9.54750180e-02
 -5.41919060e-02 -1.04096666e-01 -1.42516404e-01 3.47083434e-02 4.31136694e-03 8.13388228e-02 -2.21174024e-03 8.99243057e-02 1.28816262e-01 2.35051792e-02
 -1.11289307e-01 -1.15988992e-01 -2.27562971e-02 -9.73622128e-02 5.74116409e-02 6.47219345e-02 6.98827431e-02 1.67782083e-02 1.31122708e-01 1.37166724e-01
 -1.25863507e-01 -3.01582720e-02 -9.01042223e-02 -3.49589847e-02 -1.25177830e-01 -7.98254609e-02 3.41105051e-02 1.69073373e-01 3.53204198e-02 -4.75123338e-03
 4.77227978e-02 9.17472318e-02 9.45445895e-02 1.86500594e-01 -1.67431563e-01 1.21783160e-01 -7.92435557e-02 5.94216865e-03 4.72058281e-02 4.26169373e-02
 -6.41513765e-02 -8.68987218e-02 6.56158924e-02 -2.96640228e-02 -2.51919180e-01 6.59590662e-02 -1.26052544e-01 -5.66806570e-02 1.66061707e-02 -7.41220117e-02
 -7.63116113e-04 -1.74963266e-01 1.06503859e-01 8.55026320e-02 -1.23076275e-01 4.69898917e-02 1.14306239e-02 5.62138855e-04 1.31470179e-02 1.75648659e-01
 -5.75024784e-02 -5.53800203e-02 -6.44752383e-02 8.12199414e-02 5.29652238e-02 -3.95826176e-02 7.68033490e-02 -1.20593503e-01 7.91141018e-02 -6.54525831e-02
 -8.70620683e-02 -1.29014105e-01 -6.79989383e-02 -5.53530036e-03 1.01216055e-01 6.38825893e-02 -7.09642991e-02 -1.41930610e-01 3.09685469e-02 -5.49829826e-02
 1.35702774e-01 -2.23809052e-02 -3.31721120e-02 -4.42898721e-02 -4.39991616e-02 -1.51880518e-01 -9.75789204e-02 2.02956319e-01 -1.35722309e-01 7.59478062e-02
 1.49735719e-01 8.14428478e-02 -1.22009907e-02 -9.33564082e-02 -5.26489168e-02 3.40809077e-02 1.25707269e-01 -2.18443394e-01 -7.60284066e-02 -7.84402564e-02
 -2.03626007e-01 7.97400698e-02 -3.47384885e-02 -7.93955997e-02 1.66811962e-02 1.03089064e-01 -2.21059382e-01 -8.45120326e-02 -1.47919536e-01 -2.24982902e-01
 7.85713866e-02 -2.27033719e-02 -1.79935426e-01 6.34255856e-02 6.10353723e-02 -6.71724696e-03 -3.31187844e-02 3.42636630e-02 -1.67693242e-01 -1.79622620e-01
 9.15479437e-02 -1.17471874e-01 -4.41188104e-02 -1.47106424e-01 -9.17387977e-02 -1.74870402e-01 -1.89780235e-01 2.74480395e-02 -1.38236746e-01 -1.84173789e-02
 -1.40396714e-01 -4.72616637e-03 -1.19903512e-01 -2.90923286e-02 9.37371328e-02 -1.56154290e-01 7.45470300e-02 2.62342487e-03 1.93932042e-01 -1.02125555e-01
 5.32947443e-02 -2.74409980e-01 -1.21948652e-01 7.19349831e-02 -5.72091900e-02 7.09721297e-02 -5.19210510e-02 -1.06708936e-01 1.97160766e-02 9.18598548e-02
 -9.39012542e-02 8.98919404e-02 -1.86209962e-01 8.67790543e-03 3.87563370e-02 -4.38871607e-02 4.84929457e-02 -4.40371707e-02 1.60438582e-01 9.32351574e-02
 1.40306532e-01 -6.80920780e-02 1.72319654e-02 -1.11307032e-01 -2.44341549e-02 7.77665600e-02 -1.92608371e-01 8.98471996e-02 1.86661072e-02 8.74672905e-02
 5.29276095e-02 -1.14747442e-01 1.03483060e-02 -1.15146134e-02 4.70701372e-03 4.86994162e-02 -9.61108059e-02 -9.73321274e-02 8.44474882e-02 6.83153328e-03
 1.11411609e-01 -6.65254816e-02 -1.68702528e-01 2.62877923e-02 -1.28618523e-01 -5.14059551e-02 1.61128253e-01 -1.50137410e-01 3.37122492e-02 1.88172702e-02
 1.01684131e-01 -9.61742997e-02 -5.88287693e-03 -9.19979438e-02 -1.27934376e-02 1.05897970e-02 1.97706167e-02 1.35893181e-01 -1.16339572e-01 -8.43049511e-02
 9.57030803e-02 3.98891829e-02 1.58413611e-02 7.24135479e-03 -7.33713666e-03 6.76559731e-02 5.82557768e-02 -8.05055052e-02 -8.69189948e-02 -1.64669991e-01
 8.92644674e-02 -7.91153684e-02 3.53195779e-02 9.19184610e-02 -1.34663507e-01 1.57641679e-01 -6.32690415e-02 -1.06530106e-02 -2.25124627e-01 -2.80091241e-02
 -7.88306296e-02 9.70022231e-02 5.22266626e-02 -2.29567327e-02 -5.86753860e-02 -3.68022807e-02 -1.98592134e-02 -3.43939029e-02 2.88253017e-02 -6.12073950e-02
 -1.52511626e-01 1.36688516e-01 -8.87471884e-02 1.38377398e-01 4.07509431e-02 -3.00376080e-02 -4.45240699e-02 -4.71420027e-03 -2.17240840e-01 1.78335741e-01
 -3.33152898e-02 7.03909844e-02 4.25946303e-02 5.32638691e-02 9.21615809e-02 1.00766838e-01 -1.13569751e-01 -1.84375435e-01 1.02063201e-01 -2.21575219e-02
 4.54366095e-02 -1.02094851e-01 9.51926708e-02 -7.54563287e-02 -6.36640489e-02 1.19501390e-01 8.41100421e-03 2.99091395e-02 6.95795715e-02 1.51643217e-01
 -1.45695880e-02 -1.82869416e-02 1.60745859e-01 4.02253680e-02 8.67528915e-02 1.92317683e-02 -2.29720455e-02 -6.94084615e-02 1.10741422e-01 -5.35311829e-03
 1.79315619e-02 -1.40862107e-01 -2.11868554e-01 -3.72831747e-02 1.30052328e-01 7.90544450e-02 2.98661534e-02 6.64980942e-03 3.51888649e-02 1.16438515e-01
 3.33027467e-02 -1.71485376e-02 9.20571666e-03 7.00541437e-02 -1.86681107e-01 1.30419150e-01 -6.98954463e-02 1.38184339e-01 -1.18185710e-02 5.83082996e-02
 5.95861785e-02 -7.02758953e-02 5.90110496e-02 -1.70921132e-01 6.92888442e-03 1.52798798e-02 4.00617495e-02 2.75971293e-02 5.41055389e-02 -8.90731961e-02
 7.02916160e-02 -1.24408714e-01 4.44772467e-02 -1.41014770e-01 9.64120179e-02 -7.79091269e-02 -5.00072874e-02 2.06313357e-01 -1.70607924e-01 5.94518520e-03
 -9.12222788e-02 1.87847242e-01 4.26209159e-02 9.86209735e-02 8.44686702e-02 4.03699577e-02 -8.24464262e-02 5.11895306e-02 -7.03081954e-03 -9.95063856e-02
 -2.43453979e-01 6.64723963e-02 1.40613243e-01 3.70116234e-02 -1.37851983e-01 -1.34113893e-01 -1.22911990e-01 -3.61331142e-02 1.82069749e-01 2.91816872e-02
 -8.74776766e-02 3.70664597e-02 -8.31056014e-02 1.37778684e-01 7.32893124e-02 -2.61089415e-03 -7.03390986e-02 -9.55330804e-02 -1.21791281e-01 -1.12553343e-01
 -1.58933620e-03 -7.60542741e-03 -1.77274123e-01 -2.16676310e-01 -1.86845849e-04 3.46809402e-02 6.37130067e-02 8.94030556e-03 -5.62254526e-02 -2.62469822e-03
 -1.40608430e-01 1.79447383e-01 -9.36131403e-02 3.30502987e-02 -4.19303849e-02 8.33731070e-02 -1.66556463e-01 5.16902171e-02 6.98009878e-02 -9.52010453e-02
 -8.65500867e-02 3.55833657e-02 1.43896695e-02 -7.38518834e-02 -4.05450314e-02 6.70701489e-02 4.43041585e-02 4.86296788e-02 -7.17976540e-02 4.70913760e-02
 2.20075063e-02 -1.35241300e-01 -3.16858515e-02 -1.04128130e-01 2.70702802e-02 4.70122956e-02 8.71664807e-02 9.80532914e-03 4.30075862e-02 1.92523256e-01
 -1.51011690e-01 1.65594265e-01 -5.65239415e-02 1.38423443e-01 2.71022059e-02 1.21876106e-01 -1.78040624e-01 6.03589695e-04 -3.65086482e-03 -2.31804848e-02
 3.86476330e-02 4.72800173e-02 1.23738475e-01 1.12783127e-01 -1.96521848e-01 -4.01811535e-03 -1.55529708e-01 5.18649556e-02 1.32439479e-01 9.84762162e-02
 6.12200121e-04 -4.61565219e-02 -2.27337778e-01 -3.42976786e-02 -9.76210758e-02 1.91429064e-01 1.86147466e-02 -1.11028843e-01 1.12476885e-01 -5.92523366e-02
 1.21523999e-01 -1.45294502e-01 7.87927397e-03 7.16789961e-02 2.31946893e-02 -7.98548236e-02 -2.08974984e-02 -1.86383709e-01 5.43225668e-02 4.51677553e-02
 -4.23164964e-02 9.77969449e-03 -1.56998206e-02 1.31722063e-01 -8.78132414e-03 1.08834259e-01 2.37279441e-02 -2.58978195e-02 6.52341992e-02 -9.47181359e-02
 3.09164729e-02 5.92057854e-02 -7.06316680e-02 -1.14400471e-02 3.82690430e-02 -2.66158450e-02 -1.90402701e-01 8.76705572e-02 1.79996938e-02 3.47494744e-02
 1.55605823e-01 7.71964341e-02 2.54476792e-03 -1.79381847e-01 -5.46706803e-02 -1.13485619e-01 8.04706287e-05 -3.24846245e-02 -1.06792815e-01 8.33052099e-02
 -7.63706043e-02 -5.00050634e-02 -1.62769079e-01 1.49499655e-01 -6.55688122e-02 -4.81378734e-02 1.59335718e-01 -6.58800304e-02 7.92191643e-03 -3.96698974e-02
 -1.63553245e-02 -1.42627791e-01 -1.49664626e-01 2.09545363e-02 -1.37743086e-01 1.24032229e-01 -2.21006125e-02 -7.89828319e-03 -2.29195766e-02 1.11964926e-01