-1.26200736e-01 1.21601515e-01 1.17085725e-02 -1.77810285e-02 9.74772871e-02 -6.32886663e-02 -8.14253017e-02 -6.32299203e-03 -3.07158474e-02 -1.19218696e-03 4.00764309e-02 1.13728777e-01 -6.14453442e-02 2.37652324e-02 -9.44171697e-02 8.12876970e-02
1.91098928e-01 1.96304515e-01 -3.86182629e-02 -2.81075388e-03 -1.77501574e-01 -1.75890140e-02 -2.36833487e-02 -1.23383477e-01 -1.32233307e-01 1.27592579e-01 6.81397447e-04 -5.78236841e-02 -5.63758537e-02 -5.54429628e-02 1.66354571e-02 2.08702147e-01
-1.49357378e-01 7.39646927e-02 6.86441362e-02 -1.12064615e-01 1.06794104e-01 -7.79037923e-02 -7.58325309e-02 -1.49494842e-01 -4.85062450e-02 -7.57121220e-02 2.01007634e-01 5.72050549e-02 -1.18191019e-01 1.02868773e-01 -6.27696142e-02 -6.26314580e-02
1.64070830e-01 1.25934735e-01 1.08547136e-02 -6.65863827e-02 -3.69759351e-02 1.18321948e-01 -9.47502777e-02 -8.77626091e-02 1.74438935e-02 1.18170433e-01 -8.00995007e-02 6.10685274e-02 1.99831016e-02 -1.35804236e-01 -1.32686928e-01 6.80604428e-02
1.17974944e-01 1.10489488e-01 1.56896636e-01 8.84361416e-02 -3.11118476e-02 -2.51631197e-02 -1.72257349e-01 -6.18455671e-02 8.86853710e-02 7.08960444e-02 1.43457785e-01 1.30072117e-01 -1.58668518e-01 -2.03106571e-02 -7.05937594e-02 5.97764924e-02
5.24179004e-02 -7.30205374e-03 9.83994454e-02 -3.29408906e-02 -8.38421658e-02 -7.62458378e-03 -8.50899294e-02 -1.35239765e-01 1.85432762e-01 1.18634634e-01 1.76145896e-01 9.81420428e-02 -1.45410568e-01 -6.96434379e-02 -2.00836971e-01 1.08656608e-01
-3.79688703e-02 9.27121937e-02 -3.89309824e-02 1.21491060e-01 5.94619326e-02 2.73909391e-04 4.73023728e-02 9.65967551e-02 -1.08196728e-01 -2.33806521e-02 -5.56340702e-02 -1.44103721e-01 1.06995367e-01 1.18651696e-01 -1.44464895e-02 1.45637602e-01
-2.00647935e-02 1.73608530e-02 7.83979241e-03 3.31569761e-02 -3.90063003e-02 -1.87806010e-01 -1.29843131e-01 -1.16693256e-02 1.00217156e-01 3.50737832e-02 5.92145659e-02 2.19291553e-01 -2.96020191e-02 3.18391658e-02 -1.91804543e-02 1.10694133e-02
-1.05424486e-01 -8.15054625e-02 1.85124442e-01 -1.27854437e-01 7.92057589e-02 -1.12476207e-01 -1.21212110e-01 -1.78293753e-02 1.87963191e-02 1.67443305e-02 2.44740359e-02 6.65807873e-02 1.75939023e-01 -2.48845220e-01 -3.27349901e-02 7.00324699e-02
-1.69514567e-02 -4.10899147e-03 3.70460153e-02 2.37965472e-02 -1.33906126e-01 -3.48110311e-02 7.10113198e-02 4.63457964e-03 -1.40816525e-01 3.60277258e-02 -5.05297706e-02 -5.97472526e-02 1.28801361e-01 -1.63698986e-01 -1.42399803e-01 5.19547276e-02
-1.25421837e-01 1.54071599e-01 2.43334216e-03 -8.07306767e-02 -4.19787318e-02 4.60829549e-02 1.20013371e-01 -2.73891781e-02 6.62870184e-02 3.69402929e-03 5.64934760e-02 1.25748545e-01 -2.45394260e-02 7.65515445e-03 -2.79301759e-02 -1.98492352e-02
2.07334589e-02 3.44733708e-02 1.72808319e-01 2.99777165e-02 3.41493525e-02 -6.65147677e-02 -1.97284564e-01 3.31029445e-02 4.09227498e-02 3.03301997e-02 1.62709039e-02 -3.51453424e-02 1.31646469e-01 6.13100789e-02 -1.33720934e-01 1.85573757e-01
-2.95613464e-02 1.40022606e-01 1.51897594e-01 2.85981260e-02 -1.31796435e-01 -4.21964489e-02 1.60719492e-02 -3.92996036e-02 -1.10802375e-01 6.64094090e-02 7.76234716e-02 7.73296580e-02 -6.64944202e-02 -7.05581158e-02 -1.99553698e-01 -2.09167283e-02
1.43951088e-01 -1.00225665e-01 1.60183348e-02 -7.93418568e-03 -1.74501032e-01 -3.99837531e-02 3.98673452e-02 -6.72492012e-02 4.83921878e-02 -4.33924124e-02 1.07979178e-01 4.12457436e-02 1.36692658e-01 3.44553329e-02 6.49131984e-02 1.09524421e-01
1.19789541e-01 -4.70763706e-02 -2.78248079e-02 1.06871072e-02 1.24637172e-01 1.61843076e-02 -5.77936508e-02 -3.82212959e-02 -1.01058483e-01 -1.38131410e-01 -1.12582363e-01 -1.21280320e-01 1.79645009e-02 1.12544745e-01 -4.62110061e-03 1.79373920e-02
1.47393011e-02 1.55438539e-02 8.07866082e-02 -7.72973597e-02 -8.64262581e-02 -2.32324004e-01 -2.49257088e-01 3.64424065e-02 -7.70058259e-02 1.36896625e-01 5.01683019e-02 -2.15282775e-02 -6.37285784e-02 -2.15698853e-01 -9.33752656e-02 6.65937141e-02
4.18247208e-02 1.51450023e-01 -2.13138349e-02 -5.88519461e-02 1.29848253e-02 8.68837610e-02 -4.05656211e-02 -8.50598910e-04 -4.56010103e-02 1.45550042e-01 9.52146053e-02 -1.51014447e-01 6.66547567e-02 2.11156942e-02 -5.23803495e-02 -1.36218145e-01
-2.72624195e-03 1.45850986e-01 1.38518903e-02 -1.20052963e-01 -7.85971209e-02 2.09925085e-01 -6.80927187e-02 -3.83465141e-02 -7.97022432e-02 1.19640872e-01 8.23334884e-03 -6.74142614e-02 1.85825601e-01 -1.76440880e-01 -4.22677025e-02 2.00645119e-01
3.58150564e-02 1.36483923e-01 9.69674289e-02 3.26813059e-03 -5.91811463e-02 -1.39416084e-01 -1.17236480e-01 -1.31912455e-01 -4.35539242e-03 4.40615304e-02 1.67783536e-02 -8.58990289e-03 2.07071200e-01 1.39290541e-01 -1.20620631e-01 1.32046387e-01
-2.14205325e-01 1.80018425e-01 -9.45265219e-02 -5.93367964e-02 -8.27777311e-02 1.27574608e-01 -1.06744476e-01 5.33091687e-02 -5.30450009e-02 -1.24347530e-01 -3.30791920e-02 1.54175267e-01 1.72945205e-02 -3.59476246e-02 -1.15417773e-02 1.15393177e-01
-1.29841730e-01 1.62677944e-01 5.92352189e-02 -9.25666988e-02 -5.14543504e-02 -2.35991143e-02 5.13697043e-02 7.78956041e-02 -1.00726243e-02 1.70761168e-01 -4.77890186e-02 -1.20011345e-01 1.89000145e-02 9.39718410e-02 -1.38860956e-01 -5.19308113e-02
-1.41077489e-01 -1.33299768e-01 -4.57727946e-02 6.10804595e-02 1.29073802e-02 -4.64943498e-02 8.20282623e-02 -1.05545282e-01 7.59860650e-02 3.65303569e-02 1.51482467e-02 -1.87913209e-01 -2.07462199e-02 -1.56566516e-01 1.36501327e-01 -8.16769060e-03
2.08862916e-01 1.45652494e-03 -3.54098564e-04 -5.15437908e-02 -3.16953263e-03 -7.41381571e-02 -3.81347835e-02 6.81947023e-02 6.20304495e-02 5.41916117e-02 5.53621091e-02 -1.04758054e-01 9.14816484e-02 4.35217321e-02 -6.22459427e-02 1.28393471e-01
3.42098586e-02 3.70820425e-02 -2.78459042e-02 -1.19825432e-04 4.80151102e-02 1.19258165e-01 -4.73286062e-02 2.03232765e-02 -2.13297516e-01 -9.83341932e-02 1.46496287e-02 -6.68054223e-02 1.71386242e-01 -8.05108324e-02 -1.25195384e-01 5.36077023e-02
-5.53426854e-02 8.85529369e-02 1.60468310e-01 4.45903987e-02 -2.23944653e-02 1.52917147e-01 3.69495712e-02 9.27291140e-02 2.04317242e-01 1.15170330e-01 -6.95083737e-02 1.81027558e-02 1.17256334e-02 3.81834968e-03 7.72905052e-02 7.90263340e-02
1.22837029e-01 1.22616500e-01 -4.06034105e-02 9.41074863e-02 -7.10031167e-02 -7.14250654e-02 -1.25800982e-01 -6.46293759e-02 1.60526559e-01 3.49927358e-02 -5.45090586e-02 1.22313961e-01 2.71573048e-02 1.07095793e-01 1.44764870e-01 1.41296893e-01
1.56704746e-02 -1.72326878e-01 6.53979182e-02 6.12307061e-03 4.40138057e-02 7.69013120e-03 5.47739603e-02 -2.41630822e-02 3.64029706e-02 9.61525738e-02 2.40892410e-01 1.02650478e-01 -1.33567497e-01 -2.90707778e-02 1.19091503e-01 9.60879400e-02
1.66517347e-01 1.79221630e-01 5.87455183e-02 2.01310039e-01 -1.04793578e-01 -6.92303851e-02 9.27475020e-02 -1.07471623e-01 9.77486465e-03 -1.53076919e-02 5.94271012e-02 1.37544587e-01 -1.56874824e-02 -8.18994921e-03 2.30045300e-02 1.03938438e-01
1.29910763e-02 1.92853957e-02 3.38299796e-02 3.56165804e-02 5.58099635e-02 -3.83298844e-02 1.12401903e-01 1.50829300e-01 1.10104131e-02 -7.69442245e-02 6.22175597e-02 7.67270848e-02 -4.35460694e-02 -2.76287850e-02 2.16244832e-01 -4.82059643e-02
9.54580028e-04 5.98344840e-02 1.34084851e-01 5.32706194e-02 4.21822928e-02 -5.82008436e-02 3.40963937e-02 2.89663114e-02 8.84063244e-02 1.27225235e-01 -4.36929706e-03 8.36549625e-02 -2.71525346e-02 8.10733959e-02 8.93829949e-03 1.42599225e-01
-9.61965770e-02 3.36729735e-02 -9.01879296e-02 -1.34853601e-01 4.40108776e-02 -7.68974125e-02 -9.58423689e-02 -3.33490670e-02 1.39107764e-01 5.15320897e-03 8.49636793e-02 -5.65260823e-04 1.36827409e-01 1.91183120e-01 2.16584112e-02 -2.23299369e-01
1.99261129e-01 -1.19227115e-02 -4.47213314e-02 8.53808131e-03 -2.23540634e-01 -3.40367146e-02 7.31828064e-02 4.42464948e-02 8.37405547e-02 3.95069011e-02 2.18448509e-02 7.62104467e-02 2.96184793e-02 9.88330245e-02 1.63585275e-01 -4.75221537e-02
7.51762614e-02 -2.34393720e-02 7.63462856e-02 -4.27478850e-02 -7.14675859e-02 -9.22068134e-02 -5.91564514e-02 -2.06615422e-02 -1.81008056e-01 7.77736083e-02 -4.45226058e-02 -2.73566060e-02 5.36635146e-02 -1.34402618e-01 3.93818133e-02 1.65609539e-01
1.96090564e-02 6.61524087e-02 1.14844991e-02 4.09133658e-02 -6.27401397e-02 4.72834446e-02 -1.42597668e-02 -6.92911446e-02 1.79025363e-02 1.54950902e-01 1.04134984e-01 1.43193111e-01 8.37015361e-02 9.16798934e-02 -4.69017103e-02 1.90821603e-01
1.70946717e-01 -1.15475930e-01 6.77058175e-02 -3.15674357e-02 -1.18461542e-01 -1.48681486e-02 6.04522824e-02 -7.22022653e-02 -1.88295748e-02 7.94897974e-02 -1.92529429e-02 9.93987452e-03 4.03639078e-02 -8.61041173e-02 -9.76137519e-02 1.95431381e-01
-7.49905482e-02 1.00802286e-02 -5.28830998e-02 7.17373118e-02 2.08288152e-02 -1.64260879e-01 -6.58305809e-02 2.94079315e-02 -9.59277451e-02 -2.59038806e-03 -2.53423378e-02 -6.60644397e-02 6.19172379e-02 -1.25364354e-02 -4.31015529e-02 6.22987896e-02
-5.44109475e-03 2.30834968e-02 8.24722499e-02 -1.48509979e-01 4.80297431e-02 -2.06010770e-02 -3.10014784e-02 3.80934365e-02 8.05136748e-03 2.43944302e-01 2.12414443e-01 -1.45709038e-01 6.57508299e-02 -6.81641400e-02 -5.22083789e-02 7.83509091e-02
-5.73067404e-02 -6.16218057e-03 -1.22848218e-02 -1.25209093e-01 1.17479004e-01 1.62708908e-01 -5.36268167e-02 -8.80433023e-02 -4.59762812e-02 6.63283421e-03 -6.75219148e-02 -3.95626016e-02 6.64532650e-03 -6.64928854e-02 -7.81400129e-02 2.23547652e-01
-7.13140294e-02 3.00014168e-02 -1.81517124e-01 1.42333955e-01 1.62929907e-01 1.13942705e-01 -9.21511278e-02 1.22045770e-01 -1.67105049e-02 6.25391304e-02 1.36804525e-02 -6.03536963e-02 -9.42760929e-02 3.17166224e-02 -3.94237787e-02 -7.56555349e-02
1.63411096e-01 1.02505028e-01 5.16034067e-02 7.77584240e-02 -2.01567747e-02 9.98786539e-02 -5.85892797e-02 -1.17260896e-01 4.87944111e-02 -8.59083049e-03 -4.26996872e-02 -7.14273676e-02 -5.29560819e-03 -1.09254561e-01 4.21427786e-02 1.55653441e-02
-2.13471875e-02 1.63246825e-01 2.57025962e-03 -1.32272810e-01 1.84841221e-03 1.48913145e-01 1.27347171e-01 -1.64000914e-01 9.59603339e-02 2.60868892e-02 -1.95940346e-01 -2.02011224e-02 -1.49569005e-01 -1.02731036e-02 1.10308982e-01 -1.55602088e-02
-1.56779766e-01 1.21665001e-01 -1.07344635e-01 -7.61593729e-02 -4.87509333e-02 -7.72322565e-02 4.62004878e-02 -7.19409809e-03 -1.90243155e-01 2.21520197e-02 -2.18534797e-01 -1.14948168e-01 -1.41938969e-01 -2.83709317e-02 1.08840235e-01 9.91527922e-03
1.71642192e-02 9.81255844e-02 -2.13014871e-01 -1.02562897e-01 -1.69723079e-01 1.65956721e-01 1.38335273e-01 2.57111108e-03 5.46414442e-02 1.06728468e-02 -6.52419329e-02 -1.22627951e-02 1.02906674e-01 -2.56497841e-02 4.64280322e-03 4.34972979e-02
-1.13103636e-01 1.02392107e-01 5.92643209e-02 9.18541104e-02 1.09184235e-01 9.76115651e-03 -1.89901665e-01 -2.01725885e-02 -2.20261648e-01 -5.71376234e-02 -1.73295252e-02 1.46560490e-01 1.63113952e-01 -1.55319095e-01 4.03361171e-02 7.14384615e-02
7.40956366e-02 5.70181534e-02 -1.36918321e-01 1.08599206e-02 1.13185644e-01 6.81974143e-02 1.12811729e-01 -1.07153036e-01 -1.42980263e-01 -7.33086616e-02 -1.49224162e-01 3.73730734e-02 1.29783735e-01 -1.09672606e-01 -1.06169684e-02 3.45232734e-03
1.30149812e-01 -1.56221732e-01 -3.53415273e-02 1.32328480e-01 1.67657018e-01 7.73645937e-02 2.15955544e-02 1.97945103e-01 8.34745988e-02 -4.04463932e-02 -5.33091910e-02 -7.16667473e-02 -1.05687059e-01 -2.92484835e-02 -4.64509688e-02 2.17148736e-02
5.71526177e-02 1.59906924e-01 -6.75290227e-02 8.95519555e-02 3.41423824e-02 -2.95773651e-02 2.00117528e-01 -1.07022844e-01 3.49577842e-03 -1.36673404e-02 -5.48239537e-02 -1.10182306e-02 -1.54864206e-03 4.35464978e-02 -6.25086650e-02 -2.75106467e-02
-1.08405650e-01 -9.80048925e-02 -8.68191570e-02 7.14579746e-02 -4.01511937e-02 -5.73155191e-03 8.54266956e-02 5.17289750e-02 -1.19354568e-01 1.18733175e-01 -9.77314338e-02 -1.21284433e-01 5.58600612e-02 -2.11643409e-02 1.47394642e-01 -2.14009881e-02
5.99013157e-02 -1.02405161e-01 8.56307298e-02 3.95271182e-02 -2.11129687e-03 1.58259064e-01 1.21373951e-01 1.15668349e-01 2.39194229e-01 -1.16234355e-01 -1.23648215e-02 1.36023551e-01 1.75636914e-02 2.88929865e-02 2.44443849e-01 -4.66418490e-02
1.81355909e-01 1.02743186e-01 4.81694080e-02 3.52727175e-02 -5.49908206e-02 -1.15206502e-02 -3.22234109e-02 -1.08538322e-01 -3.72433998e-02 2.57328190e-02 -4.91156317e-02 7.96415433e-02 1.09848954e-01 -2.79497057e-02 -9.51696280e-03 5.05984351e-02
2.47351099e-02 -2.97104921e-02 1.40860593e-02 1.35829493e-01 1.39498547e-01 6.20504469e-03 -1.01509124e-01 -1.59367785e-01 3.81375328e-02 -4.25716024e-03 1.87671229e-01 4.82594222e-02 5.03761359e-02 7.52342269e-02 2.08621383e-01 -1.20814256e-01
-1.05558924e-01 -1.74320966e-01 5.86741939e-02 6.37306347e-02 1.29614890e-01 8.19024593e-02 4.77936082e-02 6.10075109e-02 3.49896087e-04 -1.23470783e-01 5.17254397e-02 -8.68856609e-02 1.61682412e-01 1.60093129e-01 1.78611800e-01 7.30819330e-02
1.10682398e-01 -2.36446440e-01 7.83458725e-02 7.16148242e-02 -7.18798935e-02 -2.04292312e-02 2.08363891e-01 2.48758011e-02 -1.84494667e-02 -1.30786613e-01 -3.06389388e-02 1.22944012e-01 1.77839279e-01 -3.56582552e-03 -4.30874899e-02 1.27132758e-01
-2.70467550e-02 4.46864888e-02 -1.50732771e-01 9.08348709e-02 1.08654402e-01 9.80272368e-02 1.98209897e-01 -2.04532011e-03 -9.03208330e-02 -4.35686223e-02 -4.46414910e-02 1.61971226e-01 2.16232985e-01 2.25144699e-01 -4.23002467e-02 1.13115823e-02
-6.30928129e-02 4.66345027e-02 1.04060143e-01 1.49454981e-01 1.70622751e-01 -8.87838975e-02 1.82375416e-01 5.13043487e-04 -4.68801782e-02 -1.13616940e-02 -8.85826498e-02 1.41495243e-02 -1.96335644e-01 -4.86473329e-02 -2.48684417e-02 -4.15259041e-02
2.50195637e-02 -6.98417658e-03 1.01030901e-01 6.86752126e-02 -4.24207710e-02 3.09223626e-02 1.87492967e-01 -9.14245322e-02 -7.76672363e-02 -1.49665579e-01 2.02032015e-01 1.80233940e-01 -3.92816067e-02 7.04654530e-02 7.07996637e-02 -2.97075659e-02
1.56742513e-01 -1.68611452e-01 2.44237296e-02 3.56945358e-02 2.07574844e-01 1.77928805e-02 2.22982153e-01 -9.88058862e-04 8.92072096e-02 2.01803505e-01 -7.36049283e-03 2.68249828e-02 1.00520499e-01 1.48647130e-01 1.42854303e-01 6.13021068e-02
1.10825151e-02 -1.46509167e-02 6.47227913e-02 7.79629452e-03 -2.30535604e-02 7.00218529e-02 1.43552631e-01 -1.17510021e-01 5.33730313e-02 5.89155033e-02 1.27079517e-01 -1.02111824e-01 2.54781749e-02 1.22647695e-01 6.46143481e-02 -2.02448536e-02
3.72757539e-02 -7.29009733e-02 1.21071763e-01 2.73091197e-02 -3.14408578e-02 1.28746629e-01 1.32168815e-01 -3.90799567e-02 -7.70036280e-02 1.32927567e-01 2.71591675e-02 1.66186914e-01 4.95149083e-02 6.77336231e-02 -9.88059118e-02 -9.89721268e-02
8.29902515e-02 -5.80157451e-02 -5.23040071e-02 1.16570331e-01 -3.68994735e-02 2.17255875e-01 -1.29688039e-01 -8.33125785e-02 1.23945527e-01 5.71307838e-02 -5.12558327e-04 -2.66572963e-02 2.00747445e-01 -3.19488533e-02 -3.15461718e-02 7.00187013e-02
1.60737243e-02 -3.31411995e-02 -1.23882890e-01 1.37718823e-02 -3.09673492e-02 -5.07635064e-03 -1.66216567e-02 -5.02017736e-02 -3.35715301e-02 2.10719809e-01 -1.34789869e-02 2.03897551e-01 -4.06411327e-02 1.86012283e-01 4.78094444e-02 -5.21523831e-03
6.03316315e-02 -1.55860841e-01 -5.92159294e-02 8.66333321e-02 4.38406281e-02 1.35490835e-01 9.39856842e-02 4.76929769e-02 7.08535835e-02 2.95613892e-02 2.81371437e-02 1.73126608e-02 8.93190689e-03 -4.34605777e-02 -6.09449968e-02 -3.58929485e-02
-1.69069599e-03 -7.97548071e-02 5.37373871e-02 -1.21445451e-02 -7.30314180e-02 8.93513933e-02 1.93354562e-01 -1.31817847e-01 1.58011660e-01 -9.51652229e-02 1.64548025e-01 -4.42961492e-02 -2.07791165e-01 8.09570402e-02 5.98761849e-02 -1.14091299e-02
3.41530554e-02 -9.67277512e-02 1.32009417e-01 1.08719990e-01 6.35858774e-02 7.50518888e-02 1.34104982e-01 -7.07050934e-02 2.41369933e-01 -1.10299371e-01 -2.90188398e-02 6.64713606e-02 5.64993024e-02 1.52072325e-01 1.08436950e-01 1.01844899e-01
6.34320602e-02 2.64283791e-02 -1.54759273e-01 7.55328536e-02 1.26667405e-02 3.00023649e-02 3.05748247e-02 -8.43553990e-02 4.21022661e-02 1.93032950e-01 -1.53063267e-01 1.90370604e-01 -1.18296966e-01 -2.34045964e-02 8.40565562e-02 -1.22344866e-02
1.26190931e-01 3.22781838e-02 -1.77761406e-01 1.71481639e-01 -1.37974977e-01 -4.12021484e-03 1.26702085e-01 6.92635700e-02 1.29756123e-01 -1.10562898e-01 -1.11380685e-03 -1.26844093e-01 1.64758996e-03 1.15619026e-01 1.71991408e-01 5.81008457e-02
2.75553279e-02 -1.70057729e-01 -1.05472423e-01 1.57642722e-01 5.71179315e-02 1.01827577e-01 -9.47368890e-02 2.41144579e-02 6.60534948e-02 1.12476960e-01 3.09533421e-02 -7.29279444e-02 1.77149236e-01 1.63729772e-01 1.56335577e-01 5.51408790e-02
1.99687541e-01 -2.47761179e-02 1.01353358e-02 1.67398259e-01 -5.46225980e-02 2.06125349e-01 -6.02997132e-02 -1.20655797e-01 1.99543387e-02 1.77687742e-02 -1.35471329e-01 -7.44860694e-02 1.18037350e-02 -1.19165946e-02 1.85088187e-01 6.44626096e-02
1.27581507e-01 8.29953551e-02 9.70248878e-02 -1.82902236e-02 1.71506181e-01 9.94151235e-02 2.29501650e-02 4.75578271e-02 4.57057916e-02 -7.16006383e-03 -8.57691765e-02 -1.05779871e-01 -1.75578400e-01 6.22274540e-02 1.39330238e-01 1.68941066e-01
4.10446115e-02 -2.26043031e-01 -4.81841937e-02 3.91146913e-02 1.36847049e-01 4.41384725e-02 3.35707515e-02 -7.89327919e-02 1.27851501e-01 -2.68040895e-02 -3.56366485e-02 -4.08179052e-02 4.54850309e-02 -3.28695551e-02 1.92905813e-01 -5.22622466e-02
-4.67733406e-02 -1.02268919e-01 -3.82519513e-02 -1.84598491e-01 -7.93637261e-02 4.84411344e-02 8.51840824e-02 -6.19966872e-02 2.52758890e-01 -3.81572619e-02 2.68352982e-02 1.14469320e-01 8.72070566e-02 2.14453354e-01 -1.25715703e-01 -1.52301669e-01
-4.95033078e-02 -5.63376285e-02 -1.36934787e-01 -1.54093299e-02 9.63900983e-02 9.76283252e-02 -4.70752269e-02 -1.01851068e-01 -1.38007551e-01 1.98270261e-01 -8.97875056e-02 1.32341430e-01 -1.06813140e-01 1.04788080e-01 -1.32325530e-01 5.01070246e-02