-3.19154672e-02 3.25759873e-02 -2.88183466e-02 1.11815363e-01 1.29688829e-01 7.72644579e-02 -1.03534557e-01 9.93919186e-03 -1.62450805e-01 1.55203149e-01
2.86480505e-02 2.10631281e-01 6.20869398e-02 1.29453719e-01 -1.74710378e-02 1.41933337e-01 -6.60724267e-02 1.30731434e-01 -2.15009347e-01 -1.45655602e-01
2.54165661e-03 1.68252990e-01 -1.86131179e-01 1.41636878e-01 -1.06669277e-01 1.86879411e-01 4.97612171e-02 6.90689385e-02 2.12560184e-02 1.34060547e-01
9.81286019e-02 1.91564485e-01 1.08442791e-02 9.51603875e-02 -1.13183640e-01 1.33152217e-01 -2.28144005e-02 -4.64338660e-02 1.07945532e-01 -7.75012793e-03
-8.77184123e-02 -6.07140921e-02 -2.09542572e-01 3.84345986e-02 8.54762346e-02 -1.74035728e-01 1.23074790e-02 -2.09946990e-01 -9.04957056e-02 -5.28976694e-02
-1.96702063e-01 -1.27551407e-01 -2.60762852e-02 7.65007213e-02 -4.41565877e-03 2.64264569e-02 1.14786346e-03 -7.12628439e-02 1.16652682e-01 4.24627773e-02
5.57562821e-02 1.01187520e-01 -1.63453162e-01 -2.19462112e-01 4.52231281e-02 -4.33207639e-02 -1.14609279e-01 8.53716657e-02 -2.66373307e-02 1.86465174e-01
-1.02467097e-01 -1.34173527e-01 1.22678448e-02 2.38573942e-02 5.87803349e-02 1.44781349e-02 2.40607057e-02 -1.39749050e-01 4.34375033e-02 1.24870781e-02
-1.32581629e-02 -2.23492738e-02 1.98900327e-02 1.93119794e-01 -1.55363247e-01 1.14402734e-01 -2.12718219e-01 4.90476154e-02 -1.85880344e-02 -8.93703923e-02
-3.29496711e-02 -1.02816932e-01 8.90039057e-02 -1.10242955e-01 8.51444900e-02 -1.32339761e-01 -1.40711710e-01 -6.73448816e-02 3.06607168e-02 -1.57506272e-01
-4.26154882e-02 3.62887383e-02 -1.82344094e-01 2.93011665e-02 6.75408021e-02 1.40239164e-01 1.09379366e-02 6.94288835e-02 1.17589258e-01 -5.95073914e-03
1.26773357e-01 -1.46810755e-01 5.42411767e-03 -6.62918761e-02 1.00026764e-01 -3.60735729e-02 -1.10195197e-01 -8.18750933e-02 1.00582905e-01 1.93401709e-01
2.55439710e-02 2.01252252e-01 -9.51496959e-02 5.95729724e-02 -1.02542132e-01 1.04851507e-01 -1.72001600e-01 1.65565595e-01 3.62786837e-02 1.55727297e-01
-2.30857074e-01 -4.90936302e-02 9.00628343e-02 -5.63500002e-02 1.94955170e-01 1.68744624e-01 -2.00723782e-01 1.36842862e-01 -1.60361767e-01 7.13288113e-02
3.26098017e-02 2.54869519e-04 -1.41537609e-02 5.26958480e-02 1.10905245e-01 2.57881898e-02 -5.75966202e-02 -1.85669675e-01 -1.33008152e-01 9.11848247e-02
-2.29765214e-02 6.64291158e-02 1.49919048e-01 -9.69947875e-02 4.80534397e-02 -1.42217696e-01 -8.48497376e-02 -1.70954540e-01 1.48914568e-02 1.73841983e-01
1.47507653e-01 -5.99364110e-04 -8.66992772e-02 -1.18807979e-01 -1.06957354e-01 7.91720152e-02 1.39509007e-01 -2.51015395e-01 2.58352999e-02 5.09986468e-02
2.78512444e-02 -1.26770347e-01 -1.08227417e-01 -1.92352422e-02 3.03872991e-02 3.65248099e-02 1.52676567e-01 -2.93858144e-02 -4.54438142e-02 -1.00452453e-01
-3.48379090e-02 -1.99935600e-01 -1.58959568e-01 1.34265706e-01 -5.09366952e-02 1.18003286e-01 -9.75931063e-02 4.72727837e-03 1.53882936e-01 -1.00620046e-01
-7.34740049e-02 -8.77841935e-02 -4.07676096e-04 1.63824335e-02 6.86716437e-02 2.41655111e-01 -8.72659609e-02 9.25631598e-02 -7.62447491e-02 5.95987327e-02
-1.93504900e-01 1.51778966e-01 -6.59997016e-02 4.79740873e-02 2.40086820e-02 4.70599383e-02 1.14720844e-01 -1.54141843e-01 1.71515703e-01 3.35161053e-02
-5.96312843e-02 1.17996775e-01 1.49950340e-01 -6.38737530e-02 -4.80076745e-02 7.51647353e-02 -1.18312851e-01 6.79202676e-02 2.73664668e-02 4.54588719e-02
1.18438408e-01 5.31700850e-02 3.28823435e-03 -1.90336004e-01 -7.77504742e-02 3.81728150e-02 1.20049505e-03 -1.56933829e-01 -7.30301961e-02 8.41053501e-02
4.10693651e-03 5.66895977e-02 2.16423944e-02 -4.54170033e-02 7.36981854e-02 1.75769195e-01 -3.75331603e-02 -2.12704644e-01 1.25451386e-01 -3.18563208e-02
-4.38907854e-02 -2.13617772e-01 5.48468418e-02 -7.71964388e-03 1.77446842e-01 -1.02651209e-01 1.07922003e-01 8.26667398e-02 7.50355050e-02 2.73286253e-02
-1.27041131e-01 6.11113012e-02 -3.60317007e-02 -7.29290843e-02 4.26903218e-02 -5.39311022e-02 1.67293072e-01 -9.01683494e-02 -4.14155126e-02 4.60163094e-02
1.44372165e-01 6.21555075e-02 8.35701153e-02 1.03214875e-01 2.07587518e-02 1.90080389e-01 -8.77478123e-02 1.28652334e-01 -9.25174206e-02 -1.06095754e-01
2.59394459e-02 3.20940800e-02 4.56455834e-02 4.22078632e-02 7.81292990e-02 -8.97802599e-03 -5.18595725e-02 7.13323951e-02 1.05445512e-01 9.38454792e-02
2.07151473e-01 1.73715025e-01 -2.98436154e-02 -7.86572546e-02 -9.99399796e-02 -1.04393378e-01 -2.50317547e-02 6.62474036e-02 2.46091224e-02 -7.60678202e-02
2.85392441e-02 -1.03574209e-02 -2.91246697e-02 1.51838914e-01 -1.97707564e-01 -6.38923422e-02 -7.18814433e-02 1.13270491e-01 2.47742068e-02 -3.10425237e-02
1.26949623e-01 -4.22231182e-02 -5.32225408e-02 1.12816170e-01 -5.45763187e-02 -9.64393616e-02 -1.35780811e-01 1.20386906e-01 -7.47381970e-02 7.66837299e-02
3.69333103e-02 1.80993497e-01 3.18623409e-02 6.26991913e-02 -1.90722868e-01 1.68437824e-01 -1.07304916e-01 -8.23414233e-03 -7.44947419e-02 -1.52082771e-01
1.36033878e-01 -1.13487996e-01 -1.48932874e-01 1.00370102e-01 -6.16647974e-02 1.78544838e-02 -7.38187507e-02 7.06424490e-02 -6.62631616e-02 5.96835054e-02
-8.22340250e-02 7.15435222e-02 1.29735433e-02 3.22235003e-02 1.20220035e-01 -3.44314799e-02 -1.91072926e-01 -2.12737229e-02 1.00291260e-02 1.35720015e-01
1.31158186e-02 2.09740009e-02 1.51372254e-01 1.07067274e-02 3.24029811e-02 -8.67647380e-02 -5.80922188e-03 8.54988769e-02 5.31483106e-02 5.60241304e-02
-2.27584466e-02 2.47648619e-02 -4.93237339e-02 -6.90277889e-02 2.34286096e-02 7.02597722e-02 9.74582061e-02 4.56934911e-04 4.75370139e-02 -9.01351646e-02
-9.91988108e-02 1.52362153e-01 -1.49900895e-02 -1.48766100e-01 1.35518670e-01 -1.15839310e-01 8.67737010e-02 -5.36686219e-02 8.43722373e-02 6.55581951e-02
-1.11257695e-01 -9.06485319e-02 -1.09228194e-01 4.05329932e-03 1.84805632e-01 -5.27597144e-02 2.96963938e-02 2.51251515e-02 -1.40347213e-01 -7.59169320e-03
6.30226582e-02 -5.80076165e-02 6.95331022e-02 -6.17118403e-02 -3.13239247e-02 3.12709995e-02 1.43523216e-01 5.57878567e-03 -3.95512879e-02 5.63764535e-02
-1.04612365e-01 -9.52886492e-02 -4.03427631e-02 -5.99266402e-02 -7.98037276e-03 1.61009774e-01 4.83146198e-02 -3.98984412e-03 -1.34244680e-01 7.50003159e-02
1.03828333e-01 1.07634544e-01 5.68411201e-02 1.33549899e-01 -1.11531883e-01 6.50529712e-02 -9.02826041e-02 1.84876427e-01 1.32836223e-01 2.79943608e-02
8.57627615e-02 1.96928252e-02 8.25283751e-02 2.05535144e-02 -1.12343207e-01 -1.36854947e-01 2.82587670e-02 7.60306716e-02 6.47351472e-03 1.11420611e-02
5.97481318e-02 1.42124305e-02 -5.93862608e-02 2.07461789e-02 -4.27749194e-02 -2.03039846e-03 5.40269120e-03 -6.06998056e-02 1.05109923e-01 8.23736414e-02
4.96764481e-02 -2.38447085e-01 -5.70938587e-02 -1.05665818e-01 -1.94743313e-02 -1.80780292e-01 1.08373098e-01 -8.14110264e-02 -1.29857972e-01 1.13309279e-01
1.34841666e-01 -1.31736234e-01 -1.31189739e-02 1.44091278e-01 -1.20099913e-02 2.03242496e-01 5.18517233e-02 3.06198802e-02 -4.93587181e-02 -3.40182669e-02
-1.18883792e-02 -3.68265286e-02 2.89061479e-02 5.75629883e-02 -1.49993509e-01 -3.88878658e-02 4.46695574e-02 1.59364581e-01 1.06352037e-02 -1.24400355e-01
1.05260447e-01 -1.67118073e-01 5.58653958e-02 4.28350940e-02 -1.36132926e-01 -8.15040693e-02 1.68096855e-01 -1.53342873e-01 -5.79395741e-02 -5.08755855e-02
-1.01294592e-01 -1.23093635e-01 9.67824236e-02 1.53195202e-01 -1.26109466e-01 3.62939574e-02 -2.18283385e-01 -8.18017945e-02 1.28741488e-01 -3.32633033e-02
-2.33114627e-03 -6.66230991e-02 -3.48034874e-02 1.39882397e-02 8.13387856e-02 7.28164092e-02 -8.58973861e-02 7.22508430e-02 4.10930961e-02 -4.66238782e-02
-6.85654208e-02 -6.58055916e-02 -4.43375595e-02 -7.47936890e-02 -8.16412345e-02 4.04592827e-02 -7.82984793e-02 -6.59250244e-02 1.03957862e-01 1.18301764e-01
1.36142946e-03 -4.47836667e-02 -1.31538054e-02 -6.36920333e-02 -2.12370113e-01 -4.65792939e-02 -6.99292943e-02 -6.67367950e-02 9.69213918e-02 -6.42733350e-02
3.90477516e-02 -2.28572294e-01 1.36818932e-02 1.78912207e-02 9.45245326e-02 5.68572022e-02 -4.25185077e-02 -3.17163914e-02 2.06412040e-02 -2.56474297e-02
-1.36186168e-01 -2.58661419e-01 2.31252555e-02 9.06031579e-03 1.21213682e-01 1.30635602e-02 3.64574790e-02 -1.71784818e-01 -1.70771003e-01 1.06371768e-01
-3.20533365e-02 1.41166523e-02 -1.60572305e-01 -2.07647737e-02 -7.28868842e-02 7.70872831e-02 1.53272867e-01 4.98843715e-02 -1.11371011e-01 8.12757853e-03
-5.20030744e-02 7.12998360e-02 -9.30349380e-02 -1.40600592e-01 1.26189729e-02 -7.57358968e-02 1.55768143e-02 -8.08332488e-02 -7.74329752e-02 5.40468656e-03
-2.39270940e-01 -1.63987782e-02 -5.89375906e-02 1.50362387e-01 -5.35721425e-03 -1.03399538e-01 3.81616963e-04 3.75984982e-02 6.09188750e-02 7.32963309e-02
-7.24112317e-02 1.75916821e-01 -1.95654240e-02 -5.73164895e-02 1.29419997e-01 2.87875086e-02 5.04634064e-03 7.07185939e-02 -3.86471041e-02 -3.28836367e-02
-1.27414957e-01 5.89513034e-02 1.32701546e-01 4.15352173e-02 -2.16336977e-02 -6.40285611e-02 -8.37676376e-02 3.83028463e-02 -7.28327930e-02 1.45789415e-01
1.33525981e-02 8.93258080e-02 -6.15104549e-02 -1.10442653e-01 -6.50114380e-03 1.15913659e-01 -3.43100391e-02 -1.23054385e-02 4.08929363e-02 -5.21265790e-02
-1.82035178e-01 -1.95032999e-01 -2.07810730e-01 -7.74531141e-02 6.77854419e-02 8.93129855e-02 -1.43957943e-01 4.50592339e-02 8.18122737e-03 -8.10624100e-04
-4.57812026e-02 -2.19081283e-01 -3.36016226e-03 1.07270882e-01 -1.71649441e-01 8.69811922e-02 3.52470651e-02 -1.44654259e-01 -4.60839756e-02 -1.13887750e-02
9.03085172e-02 3.29956263e-02 -1.26750678e-01 -1.00130523e-02 5.17308945e-03 2.22306121e-02 2.89757717e-02 3.53662223e-02 5.20630069e-02 -1.74815476e-01
-1.44972233e-03 -8.90400410e-02 -1.12455711e-01 -1.22124724e-01 6.27096221e-02 -1.50455937e-01 9.07679051e-02 1.41977780e-02 4.34644856e-02 -8.27375650e-02
-4.20879461e-02 7.23495707e-02 5.89997619e-02 2.96941381e-02 -8.64288285e-02 1.11174606e-01 4.44441959e-02 -6.41898736e-02 -3.18279453e-02 -1.31625652e-01
-7.85904974e-02 1.70897007e-01 -1.55731484e-01 2.90670595e-03 8.52435753e-02 1.53786838e-01 1.05394222e-01 1.35025397e-01 -8.45915377e-02 -8.32707733e-02
2.60280874e-02 1.12039164e-01 7.01352805e-02 1.43049657e-01 -1.86024353e-01 1.76394805e-02 -1.03047127e-02 2.82190796e-02 -1.58085555e-01 -1.10594131e-01
1.95456013e-01 1.13667399e-01 1.12756170e-01 -8.63792002e-02 1.25547647e-01 -1.89195767e-01 1.47704169e-01 -5.13399206e-02 -7.14797750e-02 9.23518687e-02
5.01995496e-02 1.54080436e-01 9.99637246e-02 -1.08290248e-01 1.21432826e-01 -2.36380279e-01 -1.08112782e-01 -4.32839580e-02 -3.42886187e-02 -5.78841269e-02
1.33033186e-01 -9.16939899e-02 -8.28962699e-02 -1.02356538e-01 -4.85409088e-02 -6.53268322e-02 -1.49903730e-01 1.82934001e-01 -6.82726726e-02 -9.70916301e-02
-1.01399168e-01 -2.36467980e-02 7.62589425e-02 3.27806547e-02 -1.94162846e-01 -2.34042145e-02 -8.83313492e-02 6.72633424e-02 -8.44181851e-02 6.25950173e-02
-1.06481746e-01 -2.34447233e-02 1.50696144e-01 7.06297229e-04 -1.02488175e-01 -1.00820921e-01 -8.91145095e-02 1.09200023e-01 1.81981735e-02 -1.47407055e-02
-3.20755392e-02 1.37741998e-01 -5.34516387e-02 2.10021123e-01 -1.14874505e-01 -8.58270526e-02 -1.02293611e-01 -2.70845257e-02 -6.39975071e-03 8.11464339e-03
1.31250143e-01 -1.83196619e-01 -1.41719043e-01 -1.60522327e-01 -1.29002659e-02 1.53077260e-01 -1.48050562e-01 1.03085645e-01 9.39474180e-02 1.19365685e-01
2.82290671e-02 4.74092290e-02 8.06179270e-02 -1.51084125e-01 1.30343631e-01 1.65696219e-02 -6.98435605e-02 1.58849373e-01 9.81017053e-02 1.64484754e-01
-2.26301104e-02 -5.76993339e-02 -2.88628414e-02 -7.37384558e-02 9.35693681e-02 -1.40678748e-01 -8.88313055e-02 3.51309665e-02 -1.18534312e-01 7.99162909e-02
4.22675535e-02 1.04946926e-01 1.59650698e-01 6.00959249e-02 7.56681263e-02 3.53931636e-02 4.29009981e-02 -2.68130153e-02 -1.75800025e-01 -1.48935571e-01
-1.62651882e-01 4.26869951e-02 -4.18929607e-02 -1.80943936e-01 -5.23832142e-02 -6.42124861e-02 1.40588045e-01 6.96688965e-02 -3.85472067e-02 -1.73200905e-01
-1.59657493e-01 9.28768516e-02 -2.53122728e-02 6.17429502e-02 1.47805050e-01 2.87960563e-02 6.65589198e-02 6.90939575e-02 4.42838743e-02 4.18015271e-02
1.55763775e-01 -4.12078947e-02 7.30052516e-02 1.10403925e-01 -1.26133300e-02 6.05176575e-02 -4.57572788e-02 2.15176586e-02 -2.77623329e-02 1.11504167e-01
1.85273752e-01 -7.84906745e-03 2.92339828e-02 2.05230087e-01 -1.64122924e-01 1.87198684e-01 4.87687364e-02 1.02231361e-01 -8.74717757e-02 6.43764958e-02
6.18949533e-02 6.52782694e-02 9.22555551e-02 -2.12386958e-02 -9.14418399e-02 -2.08477035e-01 6.07867865e-03 8.90702084e-02 -1.48570379e-02 2.07282435e-02
-1.54771551e-01 -1.73310861e-02 5.32927811e-02 -1.21730931e-01 2.14673523e-02 1.39641166e-01 -1.14862800e-01 -9.64548513e-02 6.37357496e-03 7.76759014e-02
1.45592526e-01 -1.33942021e-02 1.22434283e-02 4.82496880e-02 -1.29201205e-03 -6.84552565e-02 -2.62170732e-02 -7.41165802e-02 -1.05115041e-01 -2.40004778e-01
2.14824229e-02 -1.00980483e-01 6.10598624e-02 3.18900235e-02 1.97466880e-01 -6.89268336e-02 -4.47189696e-02 2.02273250e-01 -1.36008337e-01 -9.68542919e-02
-1.08123757e-01 4.63040285e-02 1.13529172e-02 2.26266440e-02 -3.60692739e-02 1.19646885e-01 -1.73370123e-01 -8.29717889e-02 -2.45158207e-02 -4.56750840e-02
6.83445260e-02 7.61699826e-02 1.46648496e-01 -1.27172723e-01 -9.26969200e-03 1.87425062e-01 1.35234162e-01 1.48461238e-01 1.05325267e-01 1.50462165e-01
7.87515193e-02 -2.10045464e-02 7.18023106e-02 9.06601325e-02 -1.85943991e-01 -1.00568883e-01 -7.66119063e-02 -3.09925042e-02 -5.70595153e-02 3.71215343e-02
-1.60117477e-01 1.83928162e-01 4.63723242e-02 3.39907972e-04 -4.16877307e-02 -5.77681102e-02 -9.05489698e-02 4.38135900e-02 -1.21836878e-01 -1.29930740e-02
-7.39916340e-02 2.59735808e-02 -8.25267658e-02 2.69040675e-03 -1.47986980e-02 7.23975077e-02 3.30603905e-02 -8.43821689e-02 1.82606339e-01 2.01211721e-02
-2.11471930e-01 -1.21307693e-01 -1.09658442e-01 -6.02094270e-02 7.93837681e-02 4.50996123e-02 1.30247101e-01 -3.07312366e-02 1.03303090e-01 -2.02315971e-01
-9.93689895e-02 3.83710228e-02 8.79098177e-02 -1.26371264e-01 1.37349948e-01 -7.01164007e-02 7.55456612e-02 -1.34529054e-01 1.27219446e-02 -4.38240543e-02
-9.07050520e-02 8.94362107e-02 -3.85300703e-02 1.39636278e-01 1.61445186e-01 -7.18397424e-02 9.17722508e-02 -7.68913850e-02 7.38768131e-02 -5.01788594e-02
-5.15439175e-02 1.06597185e-01 -4.03273888e-02 -3.16298120e-02 -6.37893900e-02 -1.98440373e-01 -3.73753496e-02 2.60643344e-02 -3.29081602e-02 3.91976163e-02
-8.61074105e-02 -2.03809310e-02 -8.16514045e-02 3.68224792e-02 6.23976626e-02 3.07746194e-02 9.65669453e-02 1.70632958e-01 6.15702309e-02 3.18186581e-02
1.28733218e-01 -1.33621126e-01 5.50235398e-02 -1.14959292e-01 1.98468462e-01 -5.57794198e-02 8.76240209e-02 -1.41369790e-01 -2.49499641e-02 4.85380813e-02
-1.65649597e-02 1.97816551e-01 -7.64179975e-02 8.48348737e-02 -2.18644366e-02 1.26167342e-01 1.27925649e-01 1.86858159e-02 -7.64528960e-02 -8.17340538e-02
-8.60040188e-02 2.20020398e-01 -4.29134369e-02 -1.34342819e-01 1.73588753e-01 3.95942479e-02 6.76669106e-02 -3.30982134e-02 6.78621829e-02 -1.54797435e-01
-1.47056924e-02 -1.15294635e-01 -1.98393509e-01 1.22855008e-01 7.11074769e-02 -9.13031958e-03 1.06153198e-01 6.04376942e-02 -1.34810895e-01 -1.19491756e-01
-4.31860462e-02 1.52808070e-01 -1.83390304e-01 3.43602151e-02 -8.18400085e-03 1.14794381e-01 3.24224792e-02 -1.09041087e-01 7.51419887e-02 -9.20322686e-02
1.01232663e-01 -1.21220246e-01 2.78830975e-02 1.07080773e-01 -2.01240510e-01 -1.55827895e-01 -4.70393449e-02 1.06348149e-01 -2.38599647e-02 -3.69242653e-02
2.23633125e-01 -2.95329448e-02 5.18266484e-02 -1.40346587e-01 -1.06164418e-01 -1.15543092e-02 1.08712725e-01 -9.33485664e-03 -1.11545801e-01 7.96753019e-02
2.55575846e-03 4.71280105e-02 3.82825695e-02 -1.06349953e-01 1.45299872e-02 8.35054368e-03 -1.25295997e-01 -1.81247398e-01 3.85189727e-02 1.34443104e-01
-1.60867497e-01 6.58760071e-02 -1.74953729e-01 -1.93348259e-01 -3.03312726e-02 -8.67459252e-02 1.53083792e-02 -1.74380928e-01 -7.99987838e-02 1.53961331e-02
8.74471441e-02 -4.38527577e-02 1.72128096e-01 -1.10437535e-02 4.36408743e-02 8.33382159e-02 -2.98571363e-02 5.64935505e-02 -1.62449840e-03 -3.51209156e-02
-1.14613930e-02 -4.26258259e-02 -1.29235266e-02 -1.28985435e-01 1.61018595e-01 -6.72211200e-02 7.71866292e-02 5.05284257e-02 -8.03158060e-02 7.48479441e-02
1.77117631e-01 -1.36412889e-01 2.73792748e-03 8.75159204e-02 -1.32279292e-01 5.52948676e-02 -1.42352194e-01 1.66067556e-01 2.22346596e-02 3.89969200e-02
-6.84312806e-02 -1.19314991e-01 -6.78728148e-02 -3.84866297e-02 1.63186148e-01 1.52708916e-02 -1.25181125e-02 1.26802221e-01 2.90801395e-02 1.03394657e-01
-2.48382892e-02 8.53445008e-02 1.71305090e-01 5.72698675e-02 1.09672166e-01 -1.24583133e-02 -5.83395548e-02 -1.00742429e-01 9.92430523e-02 -6.48117214e-02
1.07716747e-01 -1.17008105e-01 1.62918150e-01 -1.38753867e-02 4.44269925e-02 -6.99113309e-02 -1.53489485e-01 -5.94973862e-02 1.22086525e-01 -1.09379739e-01
1.30184069e-01 -7.49465898e-02 -8.18277225e-02 -6.70307269e-03 9.70968306e-02 -1.01808302e-01 1.32485330e-02 1.70976371e-01 7.33702481e-02 -1.45510994e-02
7.85726607e-02 -9.98132080e-02 -1.53557405e-01 1.41212437e-02 2.32235715e-02 1.29015073e-02 6.55725822e-02 -9.15804558e-05 2.35689357e-02 6.68256776e-03
1.13569714e-01 -1.30128369e-01 9.13910791e-02 1.13701351e-01 -1.42649680e-01 8.43031332e-02 7.95667097e-02 1.56529956e-02 1.07704736e-01 8.60665739e-02
5.22108227e-02 1.17993783e-02 2.91873533e-02 -9.39576700e-03 -8.73344764e-02 -1.62343532e-01 -1.06003933e-01 8.02273601e-02 7.61111081e-02 2.54774392e-02
1.88036612e-03 1.85436189e-01 1.07885085e-01 -4.11499329e-02 -7.65180364e-02 -2.21727788e-01 -1.24301054e-01 5.08130081e-02 1.34096937e-02 2.58523766e-02
-4.63742055e-02 -9.78451222e-02 6.22970909e-02 1.25083923e-01 -4.33744602e-02 -8.09401572e-02 -1.29359998e-02 -3.00008040e-02 1.80289984e-01 -4.03471999e-02
4.94881459e-02 1.01316459e-02 -1.26986042e-01 -5.67957573e-02 1.80949550e-02 1.46319807e-01 1.28477558e-01 -1.65253520e-01 6.45766407e-02 -9.00445729e-02
-1.97112396e-01 7.87323266e-02 1.44554093e-03 7.92176798e-02 -5.67004085e-02 4.62077521e-02 5.64234965e-02 1.19067691e-01 -1.94497377e-01 -1.40842989e-01
8.29877611e-03 3.58771940e-04 -1.65173277e-01 -3.67482789e-02 -2.11277115e-03 4.80989702e-02 8.50630328e-02 -1.07765943e-01 1.34946331e-01 -3.04868426e-02
1.28239915e-01 -1.42540827e-01 3.85260321e-02 -8.20986629e-02 -2.11453754e-02 1.60649613e-01 1.70568764e-01 5.57264546e-03 -1.06143497e-01 -1.94280148e-01
1.29514664e-01 -1.67480916e-01 -6.80355281e-02 -6.85653910e-02 3.89269888e-02 9.04745609e-02 -5.60014844e-02 -1.17566146e-01 -5.29552437e-02 -1.21286348e-01
3.97435110e-03 -1.48544937e-01 2.07996517e-01 -2.55559329e-02 1.02933735e-01 -4.70903367e-02 -5.61744794e-02 -1.12610787e-01 -1.53940022e-01 -4.27866913e-02
5.58508635e-02 5.25868870e-02 -1.87710866e-01 -8.81019235e-02 9.28746834e-02 -2.30539832e-02 -1.35142997e-01 9.53455195e-02 6.14716858e-02 -1.93408504e-01
-7.90252015e-02 -1.54882604e-02 -4.48723808e-02 4.07337695e-02 1.06960125e-02 8.39851052e-02 -8.75888541e-02 -1.46451905e-01 8.31616297e-02 -4.51803533e-03
-1.53852142e-02 -1.39183670e-01 4.42747362e-02 -1.23105451e-01 8.65415782e-02 -2.39191158e-03 1.31920323e-01 -1.18066490e-01 3.24511006e-02 -1.18375786e-01
-1.17732190e-01 1.24138594e-01 9.70583316e-03 -1.89256936e-01 -1.00450054e-01 1.37578130e-01 1.39088377e-01 3.42319283e-04 -6.45291507e-02 1.28209785e-01
1.05385184e-01 -1.61776245e-01 -9.69744697e-02 -1.88439086e-01 2.75527276e-02 -6.17441759e-02 2.07562745e-01 7.29318187e-02 1.03354476e-01 8.29784870e-02
1.43003777e-01 5.14213555e-02 3.51447761e-02 -1.53720483e-01 -4.90106344e-02 1.10822022e-01 -9.32728946e-02 1.30779520e-01 -4.53143343e-02 8.88083503e-02
-7.90831819e-02 -4.62320819e-02 -4.22772579e-02 -1.33290112e-01 1.43575549e-01 4.83415723e-02 -8.06852505e-02 1.98326427e-02 5.99161685e-02 1.27501577e-01
4.81033213e-02 -1.29151493e-01 -4.76005068e-03 -5.08662779e-03 -1.52528673e-01 3.86914276e-02 -1.43257797e-01 -7.96907917e-02 1.14479110e-01 6.78159222e-02
-1.16758212e-01 -8.40873197e-02 1.81773633e-01 3.00650951e-02 1.88807219e-01 -7.46117830e-02 6.20168485e-02 -3.22784707e-02 1.42720729e-01 -9.15820152e-02
-1.64762020e-01 -4.26528454e-02 -5.53051308e-02 5.65106235e-02 -1.89094707e-01 1.12633780e-01 8.04360285e-02 -3.36165205e-02 -4.78630178e-02 -1.37654627e-02
9.26382691e-02 1.16724342e-01 -1.23258866e-01 5.13227060e-02 -6.10819869e-02 6.70205876e-02 -9.77243111e-02 4.52166721e-02 2.79341824e-02 -8.14935043e-02
-1.71500340e-01 1.03587389e-01 2.54350249e-03 -6.80478243e-03 6.99544773e-02 -1.89766809e-02 4.76327259e-04 1.24839298e-01 8.82156715e-02 -3.54306176e-02
-5.10501154e-02 -1.11340441e-01 3.58322971e-02 5.94892614e-02 8.26920420e-02 -1.86487660e-01 1.45850703e-01 1.72726512e-02 4.51654382e-02 4.27133515e-02
1.54724583e-01 9.44552869e-02 -8.40995461e-02 8.63816515e-02 -2.67891809e-02 1.88037336e-01 3.14502455e-02 8.80970657e-02 -6.47277236e-02 -1.16761535e-01
-7.05732778e-02 -1.44512400e-01 7.30265304e-02 2.02187542e-02 -7.45719001e-02 1.94915682e-02 8.71674940e-02 5.59269190e-02 -6.42086715e-02 -1.14102766e-01
-2.98377424e-02 -1.13327615e-01 1.03177994e-01 -1.49063110e-01 8.47872421e-02 -9.51705202e-02 4.14844677e-02 -9.42313001e-02 -3.23732803e-03 4.07389924e-02
2.88620740e-02 -1.68899789e-01 -8.09324384e-02 -5.63099794e-02 -7.46246986e-03 -6.91092759e-03 -1.58485502e-01 1.71995759e-02 2.69795842e-02 3.43639939e-03
-7.21943825e-02 3.25572714e-02 -4.77649132e-03 5.85133508e-02 9.23145656e-03 -1.35265499e-01 -2.42376208e-01 9.78650078e-02 -1.64617449e-02 4.35425043e-02
-1.85329854e-01 -1.28027394e-01 4.69079614e-02 -2.97314189e-02 1.80935452e-03 -1.83962390e-01 -1.67295858e-02 8.29710886e-02 -5.10883853e-02 -9.02688247e-04
9.11891088e-02 5.74756563e-02 3.03517524e-02 -1.18428864e-01 5.98432533e-02 5.29841594e-02 -8.15559849e-02 -4.71271239e-02 -7.81415030e-02 9.98600349e-02
-3.93122397e-02 -1.86794311e-01 -4.96177189e-02 -1.11292005e-01 -6.42129704e-02 1.50077924e-01 1.49464086e-01 3.05682477e-02 1.24593906e-01 -9.69535857e-02
-6.16732165e-02 -1.32047117e-01 -1.22191481e-01 3.36970948e-02 -1.43942848e-01 1.42126828e-01 -7.24491924e-02 3.92902233e-02 6.33648224e-03 -1.00566633e-01
-1.06107496e-01 -1.05349801e-01 -1.72586758e-02 2.82653291e-02 1.07963480e-01 -1.37092113e-01 -2.79001258e-02 1.30070686e-01 -1.71674982e-01 -6.26525283e-02
-1.88653395e-01 1.33484215e-01 9.38960686e-02 -7.41268024e-02 -1.43769965e-01 -1.64518446e-01 2.77157570e-03 6.18966706e-02 -5.11565879e-02 8.48341733e-02
1.26662105e-01 -1.22598097e-01 7.70736635e-02 -3.08113471e-02 3.68580334e-02 9.63165164e-02 1.27910450e-01 -2.00490877e-01 8.52912217e-02 -1.43896893e-01
-1.16393410e-01 -3.93564813e-02 -1.20898262e-01 -1.01526104e-01 -5.10984175e-02 -2.07705423e-01 -1.01108462e-01 4.92628925e-02 -1.78834349e-02 1.97748870e-01
4.15052809e-02 -6.58918396e-02 7.62979239e-02 4.09235395e-02 -7.33334199e-02 -9.14293900e-02 -4.15081382e-02 -1.88358203e-02 -8.69486257e-02 8.80360529e-02
1.36105090e-01 1.39509529e-01 3.21341567e-02 -1.64351687e-01 6.80858940e-02 -2.95848101e-02 8.17207620e-02 -1.19171619e-01 7.27105364e-02 -9.70598385e-02
1.64841220e-01 3.34893502e-02 -2.21027918e-02 -2.43516341e-02 1.79799855e-01 -5.66507876e-02 -7.74637535e-02 1.73598215e-01 1.19352704e-02 1.24493480e-01
1.56660393e-01 -2.06357732e-01 -1.01766042e-01 9.49642882e-02 -1.56693980e-02 -8.44355226e-02 1.41478494e-01 -9.05774012e-02 -6.49619401e-02 9.16851610e-02
-4.38912325e-02 2.73469221e-02 -7.31378736e-04 2.58625988e-02 -1.08848408e-01 -3.56488526e-02 -6.86499402e-02 -1.21976230e-02 9.18597504e-02 -6.10656776e-02
1.62918009e-02 1.25799328e-01 7.68804625e-02 -4.91716228e-02 -1.47878369e-02 1.71379477e-01 -9.27059427e-02 8.21357369e-02 1.15667328e-01 6.33327961e-02
-1.37604281e-01 1.87985048e-01 6.47603394e-03 2.90146749e-02 1.83962986e-01 3.73026845e-03 2.18570545e-01 -1.04131311e-01 -2.03153998e-01 8.29273239e-02
8.70856568e-02 -8.02299455e-02 -1.06657661e-01 3.07357833e-02 -1.50319338e-01 1.60651848e-01 3.81316990e-02 -2.51122802e-01 5.09900376e-02 -6.27429485e-02
3.96573916e-02 -3.54521424e-02 7.86901116e-02 -8.14710371e-03 5.60473539e-02 -1.35926634e-01 -2.50888010e-03 -8.71274769e-02 -9.88246873e-02 2.77790353e-02
1.33601306e-02 5.38004972e-02 -3.67581099e-03 1.50656402e-01 -1.04315728e-01 1.45350441e-01 -1.54452100e-01 -4.88426611e-02 -1.08917534e-01 1.17351890e-01
-1.23633328e-03 7.34855905e-02 1.97967906e-02 -1.65991664e-01 -7.58543909e-02 -1.50663227e-01 3.67284156e-02 -9.58302096e-02 6.64362162e-02 -6.10928014e-02
8.51755887e-02 -1.04840010e-01 2.37853024e-02 -7.71972612e-02 -9.73736122e-02 4.63905707e-02 -1.43270254e-01 1.66297868e-01 1.65218726e-01 6.30806386e-02
-1.38531774e-02 -8.60693529e-02 1.04994858e-02 8.08200240e-02 4.56978194e-02 7.04876333e-02 7.13169128e-02 -1.19224451e-01 -1.81373525e-02 -1.90027311e-01
-1.73485652e-02 -1.49707004e-01 1.00796707e-01 1.50803611e-01 -1.08912587e-01 -1.50570840e-01 -1.86890259e-01 5.32421321e-02 -6.02476411e-02 1.39508722e-02
-3.50010172e-02 4.23126796e-04 -8.32284689e-02 -1.15359053e-01 1.02356970e-01 -3.77526134e-02 1.41267195e-01 1.55290216e-01 -1.81700289e-02 1.01272888e-01
-8.76421407e-02 1.15046315e-01 1.64613396e-01 -5.56415096e-02 1.45260170e-01 4.54577664e-03 -3.61201949e-02 2.10307389e-02 -1.41726717e-01 7.46846125e-02
1.25710189e-01 -3.88826095e-02 -7.05301315e-02 -1.12195825e-02 -6.21951036e-02 -1.39910067e-02 -1.36772841e-01 3.79454345e-02 1.18144199e-01 -2.49363538e-02
1.52420616e-02 2.71974280e-02 9.12845209e-02 7.27724051e-03 -1.68690950e-01 1.06973790e-01 -7.89578855e-02 -1.03818730e-01 -3.82216275e-02 -7.50840455e-02
-4.39447276e-02 1.17706675e-02 2.03874987e-02 -1.86798498e-01 2.42662057e-02 7.34769786e-03 -1.88945439e-02 -9.99093950e-02 6.73586084e-03 -2.22127559e-03
-1.86926395e-01 2.30957959e-02 -1.71207469e-02 -8.85802582e-02 8.50321501e-02 7.03419670e-02 -7.72033334e-02 -1.10824071e-01 4.47901487e-02 -1.15670748e-01
-1.28576964e-01 -8.01454589e-04 -5.58315367e-02 6.82906136e-02 8.04947019e-02 7.03812540e-02 -1.63700342e-01 -7.54691586e-02 -1.44939214e-01 4.05319296e-02
-1.24141626e-01 7.09133036e-03 5.16088083e-02 1.48640931e-01 -3.89872491e-02 -3.23877856e-02 -6.84059635e-02 3.30326222e-02 -9.93776843e-02 -8.04396942e-02
-1.17531687e-01 -2.04536259e-01 -6.04223199e-02 -8.64360556e-02 5.72459660e-02 7.59414583e-02 1.75427929e-01 -6.27121925e-02 -9.90844518e-02 1.66270375e-01
2.90131792e-02 1.20813429e-01 -1.64850712e-01 -5.07256351e-02 1.65205956e-01 2.57479586e-02 -1.18239611e-01 7.08171055e-02 -7.87168145e-02 -1.31090179e-01
-1.57061294e-01 3.41970138e-02 1.18420413e-02 9.12756175e-02 -7.55769163e-02 -1.02037378e-01 -1.30628914e-01 -1.85722895e-02 -6.18715491e-03 -2.60477941e-02
-1.82816267e-01 -6.88348562e-02 -3.34441960e-02 2.83661373e-02 -1.25303060e-01 -8.98358747e-02 1.23270741e-02 5.61877266e-02 4.69991677e-02 1.28931627e-01
-7.39849359e-02 -1.26718342e-01 -1.34889215e-01 -9.08593610e-02 1.05738766e-01 -1.22676142e-01 1.07443845e-02 -2.49531809e-02 -2.63043977e-02 -2.57630110e-01
-1.14857674e-01 9.41392779e-03 -8.70205984e-02 -8.83281138e-03 5.63690737e-02 -7.61829689e-02 1.89737522e-03 -1.67749092e-01 -8.32593367e-02 3.52296010e-02
-1.59355611e-01 -9.70163941e-02 -9.72597152e-02 -1.46837115e-01 -2.90317112e-03 -7.03204051e-02 -7.71626923e-03 7.93758705e-02 6.90001771e-02 -1.17439367e-01
-9.28304940e-02 3.92352715e-02 1.83128752e-02 -2.54817978e-02 7.56279007e-03 4.81664352e-02 -7.48786479e-02 -8.51402059e-02 1.41447827e-01 2.28981092e-03
-1.43273562e-01 3.67547981e-02 -9.36103761e-02 -5.95719479e-02 -1.98215529e-01 -3.85517515e-02 -4.88619134e-02 -2.86520310e-02 -1.02133611e-02 -2.24831514e-03
-5.15110083e-02 -5.91646023e-02 -1.20721392e-01 -8.53354931e-02 -2.66897585e-02 4.67128679e-02 -1.90361906e-02 -3.68025750e-02 1.53693125e-01 -1.93787068e-01
-1.91858057e-02 -8.65415782e-02 -1.60366192e-01 -1.75695866e-01 -3.71321291e-02 -6.89886287e-02 5.47424778e-02 -1.28882810e-01 1.02637611e-01 2.65303142e-02
-6.05434738e-03 5.00068553e-02 1.73110545e-01 -8.42100102e-03 -1.72270402e-01 1.04103148e-01 -3.38266417e-02 1.36913374e-01 -9.51031521e-02 -1.38051480e-01
-8.74301791e-02 9.81088728e-02 2.65412778e-02 -1.08937949e-01 3.40823345e-02 -6.19553998e-02 -1.06773436e-01 -1.08564131e-01 -8.79428610e-02 1.73246056e-01
1.43727781e-02 -7.10800961e-02 2.59480663e-02 -4.17588800e-02 3.39639410e-02 6.15271293e-02 -8.16049576e-02 -7.32776597e-02 6.63288608e-02 2.41337786e-03
-1.69797376e-01 -2.99715530e-03 5.75363971e-02 1.83141157e-01 -3.48817930e-02 -1.38144925e-01 -9.05481204e-02 -1.34442911e-01 -8.21836591e-02 1.64491381e-03
-6.15346432e-02 -2.20450684e-01 1.81127921e-01 -7.07033128e-02 -3.42284553e-02 -6.31543547e-02 -1.07669890e-01 1.48312226e-01 1.24367565e-01 1.24245152e-01
-5.87899657e-03 -1.53024167e-01 -2.25263983e-02 1.93846732e-01 1.45042524e-01 1.08777635e-01 1.13485441e-01 4.19784002e-02 6.17159307e-02 1.77816689e-01
-1.53236970e-01 -2.00688392e-01 7.53257796e-02 3.05845477e-02 -5.93897328e-02 -1.18776411e-01 -8.10810626e-02 -9.91103053e-02 -1.16251938e-01 -1.92132946e-02
-1.21518299e-01 -4.40667383e-02 -3.15613635e-02 1.14968844e-01 -1.00125208e-01 3.86515521e-02 -1.38319179e-01 -7.64330849e-02 -1.37362862e-02 -1.59395680e-01
7.26735890e-02 -2.08174791e-02 1.07638821e-01 1.85193913e-03 -1.29318684e-01 6.96424395e-02 -1.74802616e-02 4.23541432e-03 2.35844925e-02 -2.20000803e-01
1.05544031e-01 -4.83187288e-02 -7.77921528e-02 -1.37452960e-01 1.79444209e-01 -1.41227931e-01 -7.80933201e-02 -9.56006162e-03 1.08921424e-01 -7.28016123e-02
1.01350717e-01 -7.18551949e-02 1.65031731e-01 -5.29601127e-02 -4.15835157e-03 1.12180926e-01 2.90443134e-02 -9.77367386e-02 4.14845534e-03 5.00565991e-02
7.49441981e-02 -9.94372368e-02 -3.95390578e-02 7.89698064e-02 6.54355139e-02 1.06455788e-01 1.87224224e-01 -5.79890795e-02 -1.16548255e-01 -1.12985829e-02
2.88935155e-02 1.33159980e-02 6.50695860e-02 1.91240340e-01 -3.57806124e-02 1.92265108e-01 -3.60839553e-02 -1.34179294e-01 7.31917992e-02 -1.73611805e-01
-3.83212673e-03 -4.00803611e-02 2.77017448e-02 -7.57211307e-03 -2.33037516e-01 -4.27237451e-02 -1.73105866e-01 3.80829945e-02 3.98812927e-02 -1.02648847e-01
2.77041644e-02 1.38537278e-02 -9.59183350e-02 -4.60800603e-02 -4.54743579e-02 9.28576514e-02 1.47174656e-01 9.22128372e-03 -9.62473527e-02 -1.70178525e-02
-1.12927668e-01 6.89527467e-02 1.63808957e-01 -1.10231541e-01 -1.31302252e-01 -6.32245913e-02 -1.19297141e-02 -5.49982227e-02 6.69768155e-02 -1.33900056e-02
-6.79454952e-02 2.34674245e-01 -1.17029302e-01 -1.54428482e-02 -6.01666309e-02 -4.71154526e-02 -1.75218266e-02 -1.60843544e-02 2.62343101e-02 -2.11250007e-01
1.84945166e-02 8.99293944e-02 1.34421200e-01 1.04729747e-02 -4.70320322e-02 -3.20296586e-02 1.16626881e-01 1.41304404e-01 -1.40312284e-01 -6.98691234e-02
7.63420239e-02 -1.56303961e-02 -8.35679173e-02 -1.00544013e-01 7.11899251e-02 -2.00601667e-01 -4.60970514e-02 6.99656010e-02 6.54818257e-03 -1.13943689e-01
6.53454959e-02 -2.22711161e-01 2.34855153e-02 1.23243704e-01 6.15264103e-02 4.95918877e-02 4.70691025e-02 8.42162371e-02 -1.07181728e-01 7.60132670e-02
-4.06689383e-03 -1.57072663e-01 -3.09173185e-02 -1.98031574e-01 -7.46408105e-02 -1.94963440e-01 1.16823673e-01 9.46163237e-02 -9.89021435e-02 6.92166761e-02
-8.45839977e-02 2.90519111e-02 5.64962924e-02 4.44380790e-02 1.24742210e-01 2.38290187e-02 -2.09463492e-01 3.04904692e-02 6.23064265e-02 7.95356482e-02
-4.59100008e-02 1.11546792e-01 -8.37475136e-02 1.21389754e-01 -1.77794203e-01 1.70186553e-02 -1.62269995e-01 -1.00422017e-01 -1.90951720e-01 -5.70848063e-02
-1.99976712e-02 1.02866106e-01 1.84146613e-01 7.05153644e-02 -4.25458625e-02 -1.11749992e-01 1.33202121e-01 -9.03258771e-02 -7.50778019e-02 -1.08493358e-01
3.67993191e-02 6.37116581e-02 -1.74894966e-02 6.23671897e-02 -1.32306278e-01 -2.15548351e-02 1.13823578e-01 -4.84698415e-02 -5.21382131e-02 -3.82559821e-02
5.64296730e-02 -1.80766627e-01 -3.73969600e-03 1.18364003e-02 -5.81607921e-03 1.00836484e-02 3.26981023e-02 1.06159136e-01 -1.41486734e-01 -1.35058820e-01
8.01000744e-02 7.19920993e-02 -8.52356404e-02 1.07857391e-01 2.88821440e-02 -1.66038126e-01 -1.11114837e-01 -1.00872047e-01 1.35937687e-02 -1.26255676e-01
3.62069979e-02 2.21442003e-02 -2.12782189e-01 -1.75470877e-02 5.53658120e-02 -7.14123473e-02 -5.43503687e-02 -5.02973124e-02 -1.19687408e-01 6.44056723e-02
8.47807899e-02 -1.37384213e-03 3.17494310e-02 7.31478035e-02 -1.72141828e-02 -9.71763730e-02 -3.12386639e-02 -6.93873540e-02 8.32568407e-02 5.72225861e-02
-1.07528508e-01 -9.30707976e-02 -6.25108331e-02 -6.30045123e-03 1.24302700e-01 4.27178964e-02 9.17533413e-03 -7.79114217e-02 3.39169009e-03 -2.84925718e-02
-3.13177221e-02 -3.11064143e-02 -1.03233337e-01 5.39192818e-02 -1.88326277e-02 7.78931677e-02 1.96027048e-02 7.73477480e-02 1.12139687e-01 -4.74554449e-02
1.04007378e-01 1.27012953e-01 1.20750487e-01 5.84552027e-02 4.55818549e-02 -1.39101163e-01 -2.12759361e-01 5.17810248e-02 1.60650496e-04 -4.03765701e-02
8.03089961e-02 -7.10160807e-02 -1.58118963e-01 6.30782768e-02 5.59606776e-02 -4.80748601e-02 4.88895737e-02 -5.33294789e-02 -1.46049708e-01 6.31586760e-02
2.89296079e-02 -4.62487228e-02 6.83391979e-03 7.75358304e-02 -3.21480981e-03 -6.83905929e-02 6.28925785e-02 5.30060567e-02 9.37373117e-02 1.50665954e-01
-3.36265564e-02 1.04975691e-02 8.45629051e-02 2.38256454e-02 -7.50866830e-02 3.68823744e-02 -1.29982546e-01 -1.11527063e-01 4.62745763e-02 -5.54813966e-02
-9.93585736e-02 1.66225985e-01 -5.42814247e-02 -7.74293765e-02 1.84052810e-01 -8.18435475e-02 -1.48957863e-01 -7.26801455e-02 7.74241462e-02 1.82508193e-02
-1.08357899e-01 9.47736502e-02 -1.06509745e-01 -7.56770149e-02 4.19969372e-02 -4.89906110e-02 1.09943710e-01 2.21421197e-02 1.48654982e-01 7.89593235e-02
-1.30276650e-01 -7.74497688e-02 1.00745343e-01 -1.92274817e-03 8.87525305e-02 4.93907221e-02 1.13215216e-01 -1.47784814e-01 1.01929463e-01 -8.59414041e-02
-4.75274138e-02 -9.11586359e-02 -3.77553515e-03 5.29882535e-02 -5.93741648e-02 -4.89411876e-03 7.57800639e-02 3.58304568e-02 -5.71316779e-02 1.24638364e-01
-1.82182506e-01 9.65029560e-03 6.86895251e-02 -1.03442423e-01 2.74840202e-02 -2.96798516e-02 1.66947711e-02 9.03682783e-03 3.76995429e-02 5.14675640e-02
3.60090472e-02 5.39725833e-02 1.73630528e-02 1.47885978e-01 1.22417256e-01 -3.77046354e-02 -8.16337243e-02 5.25041530e-03 -2.13980764e-01 8.75168145e-02
-1.71868429e-01 -8.47450718e-02 -1.37569606e-01 -8.52698237e-02 -1.22609863e-03 -5.16099818e-02 1.56481545e-02 1.26675799e-01 -7.89202005e-02 1.11914992e-01
1.68118641e-01 -9.62183401e-02 6.20339960e-02 -3.10714822e-02 -1.42857552e-01 -1.62456840e-01 -6.15964420e-02 -9.33147222e-02 4.23884466e-02 8.52521136e-02
-1.22816756e-01 1.81734934e-01 1.16326556e-01 1.98763870e-02 -1.98872373e-01 -5.98524176e-02 -1.34651974e-01 -8.44885185e-02 7.09549561e-02 -1.44612134e-01
5.48124090e-02 2.30155326e-02 -2.00516940e-03 1.92187741e-01 6.58081099e-02 8.32602158e-02 -1.19128272e-01 6.88797459e-02 5.30392714e-02 2.46545225e-02
1.73638370e-02 8.55153799e-02 1.45396307e-01 1.45735264e-01 -3.31036784e-02 1.40223114e-04 -1.07216097e-01 -3.23924497e-02 1.38116241e-01 -1.01549670e-01
-1.39911696e-01 7.42879733e-02 -1.07238226e-01 -6.71035945e-02 4.44823913e-02 1.24364763e-01 2.80550383e-02 1.01920001e-01 -2.42957026e-01 1.22257873e-01
6.75665215e-02 -9.12767202e-02 1.75879579e-02 -8.98021683e-02 8.61143693e-02 -2.90432610e-02 8.33087713e-02 -1.16277874e-01 -7.33266175e-02 -3.37720104e-02
-1.14790305e-01 -2.00669356e-02 -2.00417247e-02 -1.22003518e-02 8.79655033e-03 -1.55103117e-01 1.80852860e-01 -1.64046600e-01 1.82813659e-01 8.93016011e-02
1.55296668e-01 8.86781588e-02 -9.90886018e-02 -6.81029931e-02 1.43860042e-01 -7.20397756e-02 -5.78657202e-02 2.07338974e-01 5.17235808e-02 -1.52854268e-02
-4.59030420e-02 -1.34439975e-01 5.38883395e-02 1.63556188e-02 -1.16405368e-01 1.86696704e-02 -6.60566194e-03 -1.09477177e-01 4.31655608e-02 2.86499644e-03
-1.26217172e-01 -3.58527862e-02 -2.49997508e-02 6.93024024e-02 -6.46459013e-02 -1.90624339e-03 -9.57559422e-02 1.80606753e-01 -2.36414820e-01 -1.71385910e-02
6.08567968e-02 9.00600106e-02 -1.33411378e-01 -5.88858351e-02 1.14211366e-02 -5.39755262e-02 4.62821573e-02 3.85769904e-02 2.05172990e-02 2.04574630e-01
-1.40420943e-02 1.16263263e-01 7.00362632e-03 -1.61580026e-01 -1.37489423e-01 2.03648061e-01 -2.77008805e-02 1.24246910e-01 -1.99534595e-02 -1.38041541e-01
-4.61958908e-02 -1.00606151e-01 -1.03989542e-02 9.24580172e-02 -6.82935789e-02 -9.37689990e-02 8.07612017e-02 3.71265784e-02 -5.44246994e-02 -1.25399679e-01
-2.91197486e-02 -4.03754897e-02 1.15217026e-02 2.64017694e-02 -2.54096743e-02 -1.17931046e-01 1.18270405e-01 -1.73670322e-01 3.85159180e-02 8.45972449e-02
2.28959974e-02 1.96362481e-01 -4.61030342e-02 -9.38176736e-02 -2.16573343e-01 4.95174304e-02 -8.96804035e-02 -1.98868558e-01 -7.13588968e-02 -4.54656705e-02
-2.98488210e-03 -1.04538217e-01 8.61386731e-02 -1.86639860e-01 -9.12292600e-02 -1.10253178e-01 1.49579570e-01 -1.52609944e-01 6.75507728e-03 -1.02019198e-01
-1.80351108e-01 -9.89327356e-02 7.23191202e-02 4.44167703e-02 -3.02333347e-02 1.51288494e-01 -2.70801829e-04 -6.18399419e-02 5.83139397e-02 1.47000700e-01
-1.91322695e-02 -3.17502320e-02 -1.12498850e-01 1.04055122e-01 1.15276769e-01 -3.08139250e-02 -3.76522653e-02 -3.34399827e-02 1.17215356e-02 -8.51682201e-02
-4.65901345e-02 1.90353334e-01 -1.28204376e-01 2.45583877e-02 1.21924914e-01 1.19578697e-01 1.08308069e-01 7.99167454e-02 3.41368094e-02 -1.45650566e-01
1.47067711e-01 -1.22736745e-01 -4.09383029e-02 1.45163581e-01 -2.11233068e-02 -7.14498535e-02 -9.98338684e-03 -9.95960385e-02 -3.04416213e-02 1.88141167e-01
-2.47216970e-02 8.38361606e-02 -9.18734223e-02 -6.26261383e-02 -2.41683409e-01 1.34555921e-01 9.01812389e-02 1.02084465e-01 -1.24788590e-01 -7.78666660e-02
-7.39120543e-02 9.38617513e-02 -8.50368440e-02 7.52881840e-02 -1.71707585e-01 1.08138554e-01 -1.29163444e-01 7.45967254e-02 3.22949141e-02 5.69781512e-02
9.37516540e-02 7.86898062e-02 -1.71148598e-01 -1.53342217e-01 5.36301509e-02 2.94210389e-02 1.34010330e-01 -1.01656519e-01 9.03858978e-04 -2.74504838e-03
-1.46111235e-01 5.73211797e-02 -6.42271712e-02 -2.67516281e-02 5.01899496e-02 7.02837631e-02 4.15763184e-02 -4.06117253e-02 -1.45445466e-02 -9.49565042e-03
-6.86834455e-02 -2.21072603e-02 -6.74957037e-02 -1.26045663e-02 6.24736287e-02 9.41797793e-02 -7.33971447e-02 4.44986485e-02 1.71354860e-01 -1.33375868e-01
1.26979902e-01 1.69136092e-01 -1.03249937e-01 1.25844851e-01 -6.56787977e-02 1.79259945e-02 -2.03861445e-01 2.02698842e-01 -9.78561938e-02 1.01805523e-01
9.58032683e-02 -1.03957497e-01 1.56499013e-01 -1.14695460e-01 3.43508311e-02 -9.01304707e-02 3.90053280e-02 -6.08263947e-02 1.46874905e-01 -9.83050913e-02
-1.48314327e-01 5.06695360e-02 -2.19783232e-01 1.24620810e-01 -1.03653200e-01 -1.95260886e-02 -3.68289016e-02 -9.82527970e-04 2.37711277e-02 4.61807959e-02
-3.33555527e-02 9.26337317e-02 -1.71534941e-01 -1.58171635e-02 -6.77051023e-02 -9.81626660e-02 -4.01069857e-02 -1.11954615e-01 8.92651528e-02 1.51027068e-01
-1.13822758e-01 -2.34735757e-02 -8.04079175e-02 1.63014054e-01 6.12241291e-02 2.01197173e-02 -1.88253403e-01 9.95440781e-02 9.94181708e-02 5.11084162e-02
-1.29751220e-01 -3.20916213e-02 1.22762457e-01 5.58657795e-02 5.42028770e-02 -1.17763042e-01 8.90790746e-02 3.80289555e-02 -1.18240021e-01 -1.93226844e-01
-1.99136734e-01 1.16415560e-01 -1.01314463e-01 5.47163785e-02 2.06501558e-02 -1.06771901e-01 2.29850952e-02 -9.53567252e-02 4.56219502e-02 1.27148911e-01
-1.32787541e-01 -3.46787721e-02 -5.26026748e-02 -9.53600481e-02 3.73202600e-02 1.88110128e-01 -4.94656377e-02 -1.16978502e-02 -6.19785972e-02 -7.06634969e-02
5.90045117e-02 1.58025280e-01 -5.14925309e-02 1.45384278e-02 -1.56925678e-01 6.05403855e-02 -1.92297790e-02 -1.07984431e-02 -2.85059912e-03 -1.46876618e-01